*.....................................................................*
*File name = UGA1.006
*CREATED BY: Nyombi Kenneth
*Source: Kawanda meteorological station
* Longitude:  32 31 E, latitude: 0 25 N, altitude: 1190 m."
*Column:        Daily value:                 dimension:
*
* 1    station number
* 2    year
* 3    day
* 4    RDD    Total daily global radiation   KJ/(m**2 d)
* 5   TMMN   minimum air temperature        degree C
* 6    TMMX   maximum air temperature        degree C
* 7     VP     Vapour pressure at 9 a.m.      kPa
* 8    WN     Average wind speed             m/s
* 9    RAIN   Total daily rainfall           mm/d
*....................................................................*
  32.31  0.25   1190  0.00   0.00                        
  1   2006   1   21309   17.62   32.46   1.25   0.85   0
  1   2006   2   23895   21.03   32.72   1.27   1.09   0
  1   2006   3   21006   20.24   31.92   1.38   0.89   0
  1   2006   4   17949   17.39   31.46   1.65   0.72   0
  1   2006   5   19671   16.72   31.59   1.98   0.59   0
  1   2006   6   24339   15.86   32.67   1.52   0.85   0
  1   2006   7   20283   17.95   31.06   1.70   0.81   0
  1   2006   8   19992   17.16   29.81   2.10   1.02   0
  1   2006   9   13533   17.08   28.64   1.81   0.86   2.8
  1   2006   10   18039   16.29   29.49   1.91   0.85   0.5
  1   2006   11   11994   18.15   24.78   2.17   1.07   6.2
  1   2006   12   13854   18.06   26.57   2.27   1.02   1
  1   2006   13   21768   18.56   28.34   2.29   1.06   0.5
  1   2006   14   21321   17.49   29.7   1.98   0.87   0.4
  1   2006   15   13005   18.45   27.84   2.06   0.99   13
  1   2006   16   10848   17.69   25.72   2.26   0.86   0.5
  1   2006   17   14988   17.8   27.64   2.28   0.68   0
  1   2006   18   11403   18.73   26.57   2.41   0.41   22.5
  1   2006   19   15135   17.9   27.41   2.26   0.45   0
  1   2006   20   20226   16.95   29.39   2.56   0.61   0
  1   2006   21   17826   17.61   29.78   1.68   1.56   0.8
  1   2006   22   25665   18.71   31.54   1.36   1.42   0
  1   2006   23   25074   16.22   31.2   1.39   1.17   0
  1   2006   24   25086   16.83   32.16   1.52   1.38   0
  1   2006   25   24900   17.97   32.82   1.37   1.51   0
  1   2006   26   25629   17.07   33.19   1.14   1.08   0
  1   2006   27   24975   16.94   33.65   1.46   0.79   0
  1   2006   28   23469   16.59   33.22   1.78   0.76   0
  1   2006   29   12564   17.85   29.2   1.91   0.92   0.4
  1   2006   30   11697   15.87   29.14   1.82   0.78   16.6
  1   2006   31   11094   17.14   28.22   2.11   0.44   0
  1   2006   32   11313   18.1   26.4   2.12   0.94   0.5
  1   2006   33   19119   19.2   29.4   2.36   0.93   0
  1   2006   34   23313   18.4   31.2   2.10   1.29   0
  1   2006   35   23673   18.5   32.1   1.48   0.94   0
  1   2006   36   24549   16.6   31.7   1.34   0.95   0
  1   2006   37   25398   17.3   32.4   1.38   1.61   0
  1   2006   38   24987   15.8   32.2   1.53   0.83   0
  1   2006   39   21879   17.6   32.9   1.64   0.94   0
  1   2006   40   23400   18.1   33.7   1.34   1.07   0
  1   2006   41   24294   19.1   33.6   1.28   1.12   0
  1   2006   42   23619   17.9   32.8   1.54   0.88   0
  1   2006   43   18801   19.3   32.4   1.45   0.79   0
  1   2006   44   9741   18.9   28   1.75   1.01   5.4
  1   2006   45   13017   18.5   26.9   2.21   0.75   0.5
  1   2006   46   10233   18.9   28   2.27   0.54   0.1
  1   2006   47   16707   18.3   29.5   2.57   0.69   0
  1   2006   48   14748   18.4   29.5   2.56   0.57   0
  1   2006   49   7410   19.3   28.2   2.31   0.85   2.3
  1   2006   50   7989   19.5   27.4   2.07   0.27   0
  1   2006   51   8706   18.1   24.9   2.28   0.66   0
  1   2006   52   23421   18   30.5   2.13   0.71   0
  1   2006   53   22068   19.5   29.3   2.01   0.61   0
  1   2006   54   10083   16.7   25   2.13   0.87   7.3
  1   2006   55   21975   16.1   29   1.91   0.59   0.9
  1   2006   56   24600   17.5   28.5   2.31   0.76   0
  1   2006   57   14880   17.3   29.6   2.27   0.7   1.3
  1   2006   58   12708   18.3   29.3   2.49   0.86   3.2
  1   2006   59   8424   18.1   26.1   2.53   0.71   7
  1   2006   60   14769   17.92   25.51   2.23   0.97   0
  1   2006   61   16926   17.09   27.75   2.32   0.51   0.2
  1   2006   62   1050   19.89   21.69   2.24   0.62   2
  1   2006   63   19165   14.17   29.13   2.12   0.91   0
  1   2006   64   23124   16.62   29.81   2.36   1.13   7.5
  1   2006   65   22368   20.56   29.58   2.18   1.13   0
  1   2006   66   14698   18.01   29.6   2.28   0.82   0
  1   2006   67   13858   19.3   30.03   2.19   0.27   27.7
  1   2006   68   20819   17.57   29.81   2.15   0.85   0
  1   2006   69   21541   15.26   30.68   2.13   0.85   0
  1   2006   70   13908   10.18   27.26   2.38   0.86   0
  1   2006   71   19715   10.71   26.68   2.17   1.22   0
  1   2006   72   19948   12.61   28.64   2.07   1.15   3.5
  1   2006   73   16987   15.06   28.07   2.18   1.69   0.8
  1   2006   74   12481   15.29   27.51   2.32   1.4   0
  1   2006   75   16608   19.58   28.67   2.29   1.13   0
  1   2006   76   21996   17.29   28   2.35   0.89   1.9
  1   2006   77   16551   16.73   26.6   2.22   1.23   26.1
  1   2006   78   19998   16.87   27.9   2.00   1.2   15
  1   2006   79   17844   18.06   25.38   2.07   0.91   0.6
  1   2006   80   14448   16.74   27.57   2.31   0.54   5.6
  1   2006   81   16047   18.27   26.74   2.34   0.58   0
  1   2006   82   19335   17.95   28.36   2.25   0.57   0
  1   2006   83   13194   17.79   26.34   2.09   0.41   0
  1   2006   84   21144   18.39   28.84   2.31   0.76   0.8
  1   2006   85   23748   18.15   28.34   2.05   0.77   0
  1   2006   86   17655   18.64   27.55   2.46   0.6   0
  1   2006   87   16449   17.12   28.37   2.19   0.46   0
  1   2006   88   16746   17.84   27.24   2.25   0.72   1.9
  1   2006   89   15480   17.88   27.14   2.07   0.78   0
  1   2006   90   15339   19.41   27.52   2.46   0.8   0
  1   2006   91   23202   18.4   29   2.29   0.84   0
  1   2006   92   15723   17.7   27.6   2.07   1.11   0
  1   2006   93   4434   18.7   23.8   2.44   0.53   0.2
  1   2006   94   11490   17.8   26.5   2.36   0.49   36
  1   2006   95   10473   17.7   27   2.28   0.3   0.1
  1   2006   96   12042   18.3   26.2   2.32   0.31   9
  1   2006   97   19590   18.9   26.9   2.09   1.31   0
  1   2006   98   16155   17.8   27.7   2.47   0.69   3
  1   2006   99   8985   17.8   27   2.16   0.62   22.9
  1   2006   100   8307   18.1   24.1   2.09   0.88   6.5
  1   2006   101   22449   17.9   27.2   2.17   0.97   0
  1   2006   102   15327   18   27.9   2.36   0.71   0
  1   2006   103   15150   18.9   27.7   2.54   0.58   4.2
  1   2006   104   20100   17.9   27.5   2.29   1.18   0
  1   2006   105   19902   19   28.2   1.99   0.8   0
  1   2006   106   22131   18.3   28.3   1.94   0.76   0
  1   2006   107   19872   17.6   28   2.32   0.66   0.5
  1   2006   108   14355   18.6   26.5   2.22   0.59   1.1
  1   2006   109   19002   16.3   26.9   2.19   0.79   1.2
  1   2006   110   14766   18.1   26.5   2.22   0.53   33.2
  1   2006   111   22368   17.6   27.3   2.35   0.95   2.4
  1   2006   112   15702   17.7   26.4   2.41   0.91   0
  1   2006   113   20223   18.2   26.7   2.25   1.11   1.6
  1   2006   114   18012   18.3   25.9   2.05   0.85   0
  1   2006   115   17361   17   27.5   2.47   0.65   0
  1   2006   116   19677   18.4   27.7   2.46   1.01   0.1
  1   2006   117   21378   18   27   2.34   0.97   0
  1   2006   118   20526   18.8   27.2   2.07   0.87   3.1
  1   2006   119   22530   18.9   27.6   2.36   1.02   4.8
  1   2006   120   21621   18.7   27.6   2.41   0.91   2
  1   2006   121   9273   19.4   25.75   2.40   0.82   6.1
  1   2006   122   14424   18.52   26.75   2.18   1.08   0
  1   2006   123   13767   18.75   25.53   2.17   1.05   0
  1   2006   124   8850   18.06   25.59   2.25   0.46   0
  1   2006   125   19263   17.47   28.03   2.32   0.71   7
  1   2006   126   12549   18.3   25.58   2.53   0.53   17.2
  1   2006   127   16083   19.63   27.55   2.32   0.57   0
  1   2006   128   17067   18.94   27.13   2.28   0.83   0
  1   2006   129   5691   17.64   25.78   2.48   0.2   0
  1   2006   130   8181   17.95   25.17   2.46   0.31   1.3
  1   2006   131   10806   17.77   26.6   2.45   0.46   15.2
  1   2006   132   13962   17.38   26.14   2.21   0.54   0.8
  1   2006   133   6270   18.61   25.08   2.27   0.27   30.6
  1   2006   134   7707   17.23   25.22   2.51   0.48   4
  1   2006   135   10974   17.37   26.96   2.59   0.39   0.4
  1   2006   136   16599   18.75   25.15   2.40   0.72   3.3
  1   2006   137   6402   17.69   23.51   2.48   0.37   4.2
  1   2006   138   9984   17.69   25.31   2.25   0.74   0.3
  1   2006   139   20103   16   27.94   2.16   0.52   0
  1   2006   140   19155   17.73   28.52   2.51   0.62   0
  1   2006   141   8748   17.63   26.48   2.45   0.47   3
  1   2006   142   19935   18.23   27.62   2.31   0.71   0
  1   2006   143   19518   17.81   27.23   2.01   0.66   1.2
  1   2006   144   9288   16.93   24.97   1.94   1.14   0
  1   2006   145   17733   15.52   27.05   2.28   0.39   0
  1   2006   146   10887   18.16   26.65   2.18   0.29   0.7
  1   2006   147   14154   16.18   28.36   2.46   0.51   0
  1   2006   148   15675   17.14   26.47   2.54   0.55   4.7
  1   2006   149   15798   17.98   25.9   2.21   0.88   9
  1   2006   150   8283   17.24   22.94   1.96   0.79   28.2
  1   2006   151   16188   16.63   26.66   2.26   0.62   0
  1   2006   152   20028   16.5   26.5   2.13   1.02   0
  1   2006   153   20370   18.8   27   1.88   0.98   0
  1   2006   154   15759   18.8   27.4   2.28   0.47   0
  1   2006   155   17838   17.6   27.1   2.22   0.71   0.6
  1   2006   156   15426   18.6   26.6   2.16   0.79   0.2
  1   2006   157   12870   18.7   26.4   2.05   0.49   0
  1   2006   158   9375   17.8   24.3   2.35   0.41   0
  1   2006   159   20391   15.8   27.8   2.36   0.56   0.1
  1   2006   160   16434   19.2   26.2   1.96   0.85   0
  1   2006   161   21207   18.6   26.8   2.07   0.75   0
  1   2006   162   17499   17.9   27.4   2.21   0.82   0
  1   2006   163   12639   18.1   25.6   2.17   0.9   2.4
  1   2006   164   10437   16.9   25.3   2.17   0.84   0
  1   2006   165   15636   17.3   27.6   2.35   0.6   0
  1   2006   166   18807   16.7   28.2   2.39   0.62   0
  1   2006   167   18279   17.9   28.5   2.51   0.73   0
  1   2006   168   18585   17.3   26.8   1.78   1.01   3.2
  1   2006   169   16398   18.2   26.6   2.11   1.11   0
  1   2006   170   8574   17.7   24.6   2.22   1.03   3.7
  1   2006   171   19332   17.3   25.8   1.88   0.89   4
  1   2006   172   18216   16.9   26.1   2.30   0.79   0
  1   2006   173   13605   14.6   27.2   2.34   0.69   0
  1   2006   174   14619   17   27.6   2.16   0.68   0
  1   2006   175   11322   17.1   26.9   2.26   0.8   0
  1   2006   176   18489   16   28.2   2.18   0.72   1.3
  1   2006   177   9321   18.2   26.8   2.16   0.65   0
  1   2006   178   4923   18.2   24.3   2.09   0.4   2.4
  1   2006   179   7998   16.9   24.9   2.19   0.43   0.4
  1   2006   180   14724   17.3   26.5   2.09   0.5   0
  1   2006   181   9903   16.8   26.6   2.04   0.57   0.1
  1   2006   182   15618   18.38   27.54   2.28   0.78   0
  1   2006   183   18264   18.78   26.92   2.00   0.94   0
  1   2006   184   20217   18   28.43   2.19   0.87   0
  1   2006   185   19731   16.04   29.25   1.90   0.72   0
  1   2006   186   19089   15.57   28.87   1.58   0.54   0
  1   2006   187   17331   16.09   28.12   1.47   0.49   0
  1   2006   188   13953   15.93   27.49   1.83   0.7   0.2
  1   2006   189   13515   18.78   26.44   1.87   0.87   0
  1   2006   190   10281   18.38   24.9   1.82   0.57   0.1
  1   2006   191   8265   17.95   25.8   1.74   0.56   2.3
  1   2006   192   11367   18.29   26.14   1.91   1.06   0.2
  1   2006   193   11841   18.11   26.28   1.72   0.85   0
  1   2006   194   15588   16.85   27.15   1.53   1.04   0
  1   2006   195   17049   16.24   28.49   1.54   0.84   0.2
  1   2006   196   14655   18.66   27.55   1.61   0.86   0
  1   2006   197   12006   17.5   27.82   1.85   0.94   0
  1   2006   198   14985   17.2   27.49   2.00   0.94   2.7
  1   2006   199   12930   18.97   26.39   1.68   0.8   0
  1   2006   200   10968   16.93   27.51   1.81   0.81   0
  1   2006   201   14712   17.07   26.83   2.08   0.76   0
  1   2006   202   7830   17.4   25.2   1.61   1.13   1.6
  1   2006   203   22251   16.09   29.5   1.93   1.04   4.7
  1   2006   204   8781   18.13   26.37   2.18   0.84   4.3
  1   2006   205   4149   18.15   23.36   2.12   0.76   0.2
  1   2006   206   10245   17.49   25.07   1.75   0.74   0.2
  1   2006   207   17568   16.07   26.75   2.41   0.52   0
  1   2006   208   7275   18.06   24   2.04   0.6   2.8
  1   2006   209   11514   17.93   24.59   1.70   0.97   2
  1   2006   210   12939   17.94   26.55   1.62   0.83   20
  1   2006   211   12093   17.95   26.52   1.71   0.98   1.7
  1   2006   212   13992   16.11   26.66   2.12   0.85   0
  1   2006   213   12456   16.9   25.82   2.45   0.56   42
  1   2006   214   15087   16.66   27.94   2.29   0.47   0
  1   2006   215   9474   17.29   24.91   2.34   0.96   0
  1   2006   216   13776   16.33   26.51   2.41   1.09   38.7
  1   2006   217   13473   17.48   25.34   2.35   1.02   30
  1   2006   218   10416   16.66   24.05   2.51   0.46   0.8
  1   2006   219   5574   17.79   23.4   2.54   0.31   1.4
  1   2006   220   13320   17.43   26.09   2.41   0.6   0
  1   2006   221   6300   17.97   22.55   2.38   0.6   0
  1   2006   222   7563   17.71   24.22   2.30   0.81   11
  1   2006   223   18363   17   26.81   2.28   0.95   0
  1   2006   224   17727   17.74   26.61   2.39   0.74   0
  1   2006   225   19779   16.51   27.21   2.41   0.81   0
  1   2006   226   22341   15.11   28.53   2.42   0.73   0
  1   2006   227   22212   14.32   28.51   2.51   1.12   0
  1   2006   228   21500   17.78   29.07   2.38   1.4   0
  1   2006   229   19128   16.33   29.58   2.18   1.08   0
  1   2006   230   16254   16.2   29.75   2.21   1.02   0
  1   2006   231   15117   18.78   28.95   2.33   2.15   0
  1   2006   232   19419   14.97   27.45   2.43   1.63   0
  1   2006   233   11019   17.78   27.82   2.32   0.94   0
  1   2006   234   16683   18.22   28.06   2.48   1.03   0
  1   2006   235   14127   15.57   27.15   2.31   1.06   0
  1   2006   236   15051   16.53   27.45   2.43   1.14   0
  1   2006   237   22158   17.01   28.23   2.50   1.45   0
  1   2006   238   14439   17.9   27.62   2.31   1.22   6.8
  1   2006   239   16191   17.75   27.59   2.48   1.2   5.7
  1   2006   240   15279   17.42   27.82   2.18   1.22   5.7
  1   2006   241   19956   15.6   27.34   2.31   1.44   0
  1   2006   242   22596   17.93   27.55   1.90   1.25   1
  1   2006   243   18675   16.29   27.52   1.88   0.98   0.1
  1   2006   244   9012   17.6   27   1.88   1.44   0.6
  1   2006   245   13518   17.1   28.7   1.54   1.09   0
  1   2006   246   13533   16.7   27.9   1.64   0.92   0
  1   2006   247   20634   17.2   27.8   2.02   1.29   0
  1   2006   248   17319   16.9   27.7   1.48   1.14   0
  1   2006   249   16902   16   28.1   2.08   0.78   0
  1   2006   250   17112   17   28.6   1.91   0.66   0
  1   2006   251   15687   17.2   29.3   2.08   1.06   0
  1   2006   252   15807   17.4   27.9   2.22   1.23   32.8
  1   2006   253   11349   17.5   27.7   2.41   1.19   0
  1   2006   254   17292   17.9   27.5   2.30   0.69   14
  1   2006   255   13377   16.8   26.5   2.13   0.86   0
  1   2006   256   18231   18.3   27.6   2.10   1.17   2
  1   2006   257   8316   18.6   26.7   2.51   0.73   0
  1   2006   258   1881   15   25.5   2.15   0.6   0
  1   2006   259   21822   16   27.7   1.83   1.67   0.4
  1   2006   260   16899   17.1   27.3   2.40   1.48   1
  1   2006   261   22372   17.2   29.3   2.31   2.11   0.6
  1   2006   262   17137   17.4   29.7   2.15   1.54   0
  1   2006   263   14522   16.7   28.1   1.98   1.6   0
  1   2006   264   5060   18.8   23.3   2.01   0.16   5.2
  1   2006   265   14841   17.8   27.2   2.23   1.29   0
  1   2006   266   18819   17.6   27.3   1.98   1.33   0.2
  1   2006   267   13638   18.4   28.8   2.18   0.66   0
  1   2006   268   20139   18.7   28.2   2.23   1.01   0
  1   2006   269   20013   17.9   28.8   2.25   0.96   0
  1   2006   270   16425   18.6   28.2   2.28   1.17   0.1
  1   2006   271   11475   18.6   25.8   2.18   0.95   19
  1   2006   272   18855   18.3   27.7   2.24   1.04   0
  1   2006   273   19185   18.1   27.5   2.41   0.89   0
  1   2006   274   6294   18.57   25.38   2.28   0.96   7
  1   2006   275   10386   17.8   26.15   2.08   0.89   0
  1   2006   276   16236   17.4   27.79   2.16   0.75   0.2
  1   2006   277   10011   17.28   27.78   2.21   1.31   1.8
  1   2006   278   19008   18.72   28.86   2.12   1.14   0.3
  1   2006   279   20784   17.98   29.33   2.32   0.88   0.3
  1   2006   280   17721   19.41   28.85   2.15   0.96   55
  1   2006   281   16227   18.93   28.71   2.09   0.95   0
  1   2006   282   14193   18.84   27.21   2.15   0.72   6.4
  1   2006   283   8919   18.72   24.94   2.25   1.21   1.2
  1   2006   284   10509   17.34   26.83   2.45   0.74   6.5
  1   2006   285   19137   18.33   28.52   2.41   1.17   0
  1   2006   286   19461   18.52   28.43   2.46   1.02   0
  1   2006   287   23040   18.03   29.47   2.38   1.22   0
  1   2006   288   17961   19.15   29.39   2.52   1.09   0
  1   2006   289   16836   16.51   29.29   2.44   0.99   0
  1   2006   290   6087   19.3   27.19   2.33   1.06   0
  1   2006   291   15735   19.54   27.93   2.14   0.9   4.7
  1   2006   292   15183   19.31   29.24   2.28   1.22   5.6
  1   2006   293   15942   18.34   28.19   2.33   0.96   1
  1   2006   294   18267   18.76   28.9   2.41   1.04   3.4
  1   2006   295   15387   18.17   27.63   2.50   1.13   1.8
  1   2006   296   8796   17.89   25.4   2.42   1.17   10.3
  1   2006   297   18138   17.39   26.09   2.51   1.62   0
  1   2006   298   19086   18.24   26.72   2.53   1.11   13.2
  1   2006   299   4449   18.96   22.83   2.48   1.46   13
  1   2006   300   18939   17.63   27.7   2.46   0.81   0.6
  1   2006   301   20412   18.59   26.78   2.51   1.45   0.7
  1   2006   302   8508   16.5   26.39   2.49   1.34   0.4
  1   2006   303   10998   17.67   26.53   2.18   0.96   0
  1   2006   304   18066   17.98   28.19   2.35   1.23   0
  1   2006   305   12366   19.00   25.90   2.34   1.04   1.4
  1   2006   306   7434   19.30   25.50   2.16   0.83   1
  1   2006   307   14959   17.90   27.50   2.31   1.46   19.2
  1   2006   308   12210   16.90   26.40   2.45   1.37   52.6
  1   2006   309   9284   18.10   26.60   2.29   1.06   0
  1   2006   310   14485   18.30   28.00   2.46   1.27   0
  1   2006   311   13096   18.00   26.50   2.55   1.53   18
  1   2006   312   18708   17.00   27.90   2.29   1.48   0
  1   2006   313   6800   23.50   23.50   2.41   1.21   42
  1   2006   314   18677   15.30   29.10   2.30   1.14   43
  1   2006   315   16526   17.20   29.00   2.40   1.31   2
  1   2006   316   16612   17.70   27.70   2.34   1.29   2
  1   2006   317   9600   21.00   25.20   2.36   0.46   9.7
  1   2006   318   16512   17.10   27.20   2.45   1   5
  1   2006   319   10692   18.00   25.10   2.29   0.85   20.2
  1   2006   320   15558   17.90   26.30   2.48   0.86   0
  1   2006   321   11646   18.30   25.50   2.31   0.76   20.2
  1   2006   322   16596   16.60   26.20   2.44   1.29   0
  1   2006   323   12750   18.00   25.50   2.39   1   7.9
  1   2006   324   9762   17.30   24.00   2.45   0.58   1
  1   2006   325   14712   18.40   26.10   2.31   1.16   6.8
  1   2006   326   7254   17.30   24.00   2.45   1.21   3.5
  1   2006   327   9015   17.80   24.10   2.18   0.93   1.5
  1   2006   328   20292   16.80   26.40   2.28   0.84   0
  1   2006   329   13521   18.70   26.90   2.39   0.64   62
  1   2006   330   5814   17.50   22.50   2.41   0.75   4.9
  1   2006   331   13737   15.50   26.90   2.48   0.56   0.1
  1   2006   332   8958   18.10   25.20   2.35   0.64   1.6
  1   2006   333   11910   17.50   25.40   2.38   0.86   0
  1   2006   334   13401   17.50   27.40   2.47   0.63   0.7
  1   2006   335   15513   17.66   27.74   2.32   0.9   0.6
  1   2006   336   12858   18.43   25.52   2.28   0.83   0.7
  1   2006   337   11898   17.65   25.54   2.31   0.99   0
  1   2006   338   13098   17.64   26.98   2.16   0.41   0
  1   2006   339   14205   18.45   27.40   2.38   0.5   86
  1   2006   340   12558   17.52   25.24   2.46   1   6.6
  1   2006   341   13224   18.28   26.35   2.51   0.84   0
  1   2006   342   8541   17.97   24.49   2.13   0.47   5.8
  1   2006   343   17661   17.61   28.42   2.22   0.64   0
  1   2006   344   20691   16.36   28.92   2.28   0.91   0
  1   2006   345   20643   17.06   28.79   2.31   1.47   0
  1   2006   346   13107   17.16   27.72   2.34   0.48   9.6
  1   2006   347   10986   18.04   25.05   2.40   1.46   30
  1   2006   348   12732   17.97   25.96   2.45   0.79   0.6
  1   2006   349   8934   17.98   25.11   2.38   0.56   1.1
  1   2006   350   11175   18.51   26.38   2.18   0.74   10.9
  1   2006   351   14595   17.55   26.65   2.49   1.31   0
  1   2006   352   14577   17.36   27.87   2.28   0.77   1.4
  1   2006   353   13482   18.42   25.97   2.35   0.88   11.3
  1   2006   354   10392   17.82   25.17   2.41   0.88   3.6
  1   2006   355   14835   18.56   27.13   2.28   0.92   0.5
  1   2006   356   14493   18.68   27.25   2.49   0.71   0
  1   2006   357   6324   17.60   25.32   2.26   0.59   0
  1   2006   358   10764   17.11   26.30   1.98   0.75   0
  1   2006   359   1581   17.56   27.65   2.08   0.69   0
  1   2006   360   16935   17.47   27.64   1.87   0.58   0
  1   2006   361   15579   16.24   27.41   2.34   1.11   0
  1   2006   362   9681   18.54   25.17   1.95   0.84   0
  1   2006   363   8943   17.58   24.64   1.75   0.78   0.4
  1   2006   364   13905   16.98   25.24   1.84   1.11   0
  1   2006   365   13839   16.03   24.95   1.92   0.89   0
