*.....................................................................*
*File name = UGA1.007
*CREATED BY: Nyombi Kenneth
*Source: Kawanda meteorological station
* Longitude:  32 31 E, latitude: 0 25 N, altitude: 1190 m."
*Column:        Daily value:                 dimension:
*
* 1    station number
* 2    year
* 3    day
* 4    RDD    Total daily global radiation   KJ/(m**2 d)
* 5   TMMN   minimum air temperature        degree C
* 6    TMMX   maximum air temperature        degree C
* 7     VP     Vapour pressure at 9 a.m.      kPa
* 8    WN     Average wind speed             m/s
* 9    RAIN   Total daily rainfall           mm/d
*....................................................................*
  32.31  0.25   1190  0.00   0.00                        
  1   2007   1   18570   14.9   26.92   1.59   1.56   0.0
  1   2007   2   17571   15.02   27.64   1.82   0.81   0.0
  1   2007   3   19029   15.84   28.13   1.91   0.68   0.0
  1   2007   4   11253   18.66   26.06   2.50   0.7   0.0
  1   2007   5   19428   18.1   27.87   2.27   1.29   0.0
  1   2007   6   20715   16.72   28.34   2.33   1   0.0
  1   2007   7   17289   18.59   28.36   2.22   0.86   0.0
  1   2007   8   18354   17.32   28.52   2.12   0.62   0.0
  1   2007   9   18351   16.31   29.57   1.87   1.01   0.0
  1   2007   10   18567   17.75   29.79   2.18   1.19   0.0
  1   2007   11   19740   17.26   29.19   2.05   1.48   0.0
  1   2007   12   14487   19.32   28.33   1.77   1.35   23.2
  1   2007   13   11124   18.4   26.43   2.12   1.28   0.0
  1   2007   14   12909   18.47   27.45   2.18   1.15   1.4
  1   2007   15   10356   17.8   27.27   2.29   1   3.6
  1   2007   16   9603   19.17   26.68   2.22   1.2   0.4
  1   2007   17   16251   17.08   28.42   2.15   1.25   40.8
  1   2007   18   9522   18.99   28   2.31   1.21   8.6
  1   2007   19   8130   17.09   24.12   2.05   1.31   3.8
  1   2007   20   4086   18.52   25.04   2.18   0.88   0.2
  1   2007   21   9579   18.79   27.34   2.26   1.32   0.4
  1   2007   22   11394   18.51   27.9   2.43   1.14   0.4
  1   2007   23   18744   17.96   28.29   2.27   1.19   0.6
  1   2007   24   17739   17.33   28.87   2.17   0.96   0.0
  1   2007   25   19224   17.9   29.04   2.40   1.03   0.0
  1   2007   26   1155   19.2   26.56   2.41   1.15   1.0
  1   2007   27   17700   18.74   28.66   2.39   1.12   2.6
  1   2007   28   13275   17.99   28.12   2.28   1.01   2.6
  1   2007   29   7131   18.37   26.67   2.41   1.06   1.2
  1   2007   30   6825   19.82   26.05   2.37   1.15   15.4
  1   2007   31   2559   18.36   23.18   2.25   1.12   6.2
  1   2007   32   5136   18.8   25.8   2.32   0.93   1.0
  1   2007   33   5952   19   25.4   2.31   0.9   0.0
  1   2007   34   8952   18.3   27.7   2.30   1.22   5.8
  1   2007   35   9075   19   26.6   2.42   1.33   0.2
  1   2007   36   7470   18.4   24.6   2.18   1.22   3.0
  1   2007   37   5283   18.2   25   2.35   0.87   5.4
  1   2007   38   18048   17.1   28.8   2.19   0.8   0.0
  1   2007   39   14007   19.5   28.4   2.41   1.11   1.4
  1   2007   40   15189   18.1   27.9   2.08   1.43   0.0
  1   2007   41   17988   17.9   29.3   2.36   1.02   0.0
  1   2007   42   8307   19.9   27.3   2.45   1.18   0.0
  1   2007   43   15051   16.8   29.9   2.34   1.25   0.0
  1   2007   44   11637   20   27.7   2.35   1.6   0.0
  1   2007   45   8190   19.6   27.5   2.54   0.95   0.0
  1   2007   46   7950   17.6   26.8   2.07   1   0.0
  1   2007   47   13224   18.5   29   2.37   0.96   0.0
  1   2007   48   12216   16.9   29   2.31   1.12   0.0
  1   2007   49   17175   17.1   30   2.24   1.43   0.0
  1   2007   50   18792   17.3   31.6   2.81   1.48   0.0
  1   2007   51   19968   16.6   31   2.47   1.57   0.0
  1   2007   52   18627   18.6   30.9   2.47   1.66   0.0
  1   2007   53   18999   18.2   31.7   1.79   1.7   0.0
  1   2007   54   17553   16.9   31.9   2.19   1.3   1.6
  1   2007   55   16584   17.1   30.3   2.08   1.66   0.0
  1   2007   56   2505   17.5   22.3   2.17   1.04   0.0
  1   2007   57   9543   16.2   27.2   2.03   1.05   0.0
  1   2007   58   10578   18.1   28.9   2.23   1.62   0.0
  1   2007   59   8478   17.4   26.5   2.29   1.42   0.0
  1   2007   60   11133   17.69   28.06   2.28   0.98   1.0
  1   2007   61   9102   18.35   28.52   2.32   0.96   0.0
  1   2007   62   18054   19.95   29.21   2.55   1.31   0.0
  1   2007   63   16917   19.28   28.99   2.64   1.1   0.0
  1   2007   64   17649   17.12   30.06   2.45   1.12   0.0
  1   2007   65   19599   18.99   31.42   2.86   1.92   0.0
  1   2007   66   17670   18.4   30.1   2.08   1.3   0.0
  1   2007   67   17649   17.12   30.06   2.19   1.12   0.0
  1   2007   68   12198   17.2   28.4   2.31   1.07   1.4
  1   2007   69   9273   20   27.2   2.48   1   6.6
  1   2007   70   10500   18.77   27.6   2.21   1.58   0.0
  1   2007   71   11163   18.9   28.72   2.22   1.24   0.0
  1   2007   72   17340   17.8   28.67   2.10   1.6   0.0
  1   2007   73   15252   18.7   29.56   2.21   1.32   0.0
  1   2007   74   13680   19.02   27.2   2.49   1.33   4.0
  1   2007   75   19371   17.98   30.12   2.36   1.36   0.0
  1   2007   76   2382   21.75   27.12   2.26   0.94   0.0
  1   2007   77   13212   19.58   28.18   2.29   1.3   0.0
  1   2007   78   12849   18.31   26.8   2.16   1.49   0.0
  1   2007   79   13848   19.97   28.19   2.62   1.18   0.0
  1   2007   80   18348   18.48   29.27   2.48   1.7   0.0
  1   2007   81   16077   17.19   29.31   2.47   1.25   0.0
  1   2007   82   16515   19.25   29.25   2.45   1.35   0.0
  1   2007   83   19314   17.77   30.27   2.45   2.12   0.0
  1   2007   84   20055   17.43   30.56   1.99   1.79   0.0
  1   2007   85   10335   18.77   27.6   2.54   1.59   0.0
  1   2007   86   11163   18.87   28.72   2.57   1.23   0.0
  1   2007   87   17310   17.9   28.67   2.34   1.59   0.4
  1   2007   88   15252   18.87   29.76   2.41   1.35   22.4
  1   2007   89   13671   19.04   27.18   2.30   1.34   0.0
  1   2007   90   19371   17.98   30.12   2.61   1.36   0.0
  1   2007   91   21249   20.1   30.6   2.18   1.51   0.0
  1   2007   92   20367   19.9   30.5   2.18   1.83   16.0
  1   2007   93   18561   19.6   30.5   2.60   1.25   4.0
  1   2007   94   18006   18.4   30.1   2.80   1.32   0.0
  1   2007   95   14172   17.4   30.6   2.32   1.12   0.0
  1   2007   96   12738   19.6   28.7   2.41   1.14   11.0
  1   2007   97   10167   20.5   29.9   2.59   1.11   0.0
  1   2007   98   12903   20.4   30.4   2.51   1.19   0.0
  1   2007   99   15675   18.3   30.7   2.28   1.1   20.1
  1   2007   100   10674   19.5   29   2.40   1.23   17.0
  1   2007   101   5946   18.4   25   2.35   0.99   0.8
  1   2007   102   12198   17.2   28.4   2.40   1.07   26.0
  1   2007   103   9303   20   27.3   2.48   1.02   0.0
  1   2007   104   9258   18.8   26.7   2.27   1.62   0.0
  1   2007   105   15984   17.7   27.8   2.21   1.12   0.0
  1   2007   106   2433   17.9   25.4   2.59   0.96   22.1
  1   2007   107   11328   18.8   27.2   2.31   1.56   8.3
  1   2007   108   7236   18.3   24.9   2.39   0.82   0.0
  1   2007   109   11733   18.2   27.1   2.33   1.37   0.0
  1   2007   110   10077   18   27.1   2.61   1.26   0.0
  1   2007   111   20169   17.8   27.7   2.38   1.7   0.0
  1   2007   112   13614   18.6   28.2   2.60   1.1   12.0
  1   2007   113   19305   19.2   29.3   2.50   1.24   6.6
  1   2007   114   11088   19.5   26.7   2.51   1.06   0.0
  1   2007   115   10779   17.2   26.4   2.01   1.32   0.0
  1   2007   116   11259   18.2   27.4   2.41   1.17   0.0
  1   2007   117   16701   18.1   27.8   2.45   1.09   0.2
  1   2007   118   13608   19.1   27.7   2.52   1.06   0.0
  1   2007   119   15774   18.1   29.1   2.53   1   0.0
  1   2007   120   7902   18.3   27   2.30   0.93   0.0
  1   2007   121   15080   17.66   27.37   2.52   0.91   0.0
  1   2007   122   16820   17.88   28.69   2.38   1.15   0.6
  1   2007   123   14910   18.85   27.21   2.31   1.39   0.4
  1   2007   124   17914   18.98   28.81   2.30   1.06   0.0
  1   2007   125   18100   18.75   28.11   2.22   1.47   0.0
  1   2007   126   12305   18.96   26.27   2.42   1.04   0.0
  1   2007   127   14200   19.44   27.07   2.57   1.02   37.8
  1   2007   128   16280   19.3   27.93   2.34   1.17   11.8
  1   2007   129   11345   17.29   26.09   2.50   1.21   1.8
  1   2007   130   14308   17.22   27.39   2.35   1.6   2.0
  1   2007   131   8402   19.23   25.04   2.53   1.52   31.2
  1   2007   132   6520   17.45   24.04   2.54   1.17   16.0
  1   2007   133   12506   18.73   26.14   2.49   1.4   9.4
  1   2007   134   13008   18.45   26.49   2.46   1.65   24.2
  1   2007   135   5400   21   22.53   2.56   0.37   4.0
  1   2007   136   12540   18.13   25.69   2.21   1.18   22.6
  1   2007   137   10400   19.41   24.98   2.36   0.75   0.2
  1   2007   138   11452   17.9   25.68   2.10   1   0.4
  1   2007   139   18205   16.67   28.39   2.35   1.09   1.1
  1   2007   140   20500   18.13   29.03   2.38   0.93   0.0
  1   2007   141   19100   17.7   28.49   2.25   0.95   2.2
  1   2007   142   22010   17.19   29.7   2.37   0.91   9.0
  1   2007   143   14060   19.08   26.64   2.52   1.05   0.2
  1   2007   144   14105   17.83   27.22   2.23   1.32   0.2
  1   2007   145   12008   16.94   26.38   2.18   1.12   0.2
  1   2007   146   6804   18.18   24.09   2.35   1   17.8
  1   2007   147   18108   17.81   28.13   2.34   0.95   0.4
  1   2007   148   15606   18.47   27.63   2.65   1.27   0.6
  1   2007   149   10100   18.68   25.16   2.16   1.44   1.2
  1   2007   150   13114   18.79   26.52   2.61   1.13   4.2
  1   2007   151   12400   19.45   26.19   2.37   1.08   41.0
  1   2007   152   11520   16.4   26.2   2.44   1.36   0.0
  1   2007   153   9980   16.7   25.5   2.37   1.06   0.0
  1   2007   154   11364   18.2   25.6   2.41   1.15   0.6
  1   2007   155   12111   17.7   25.8   2.24   1.05   11.4
  1   2007   156   5506   17.4   23.7   2.34   0.83   0.0
  1   2007   157   15104   16.5   27.1   2.05   1.37   1.8
  1   2007   158   14900   17.5   26.9   2.23   1.01   9.1
  1   2007   159   6521   18.6   23.8   2.32   0.91   6.4
  1   2007   160   13090   17.5   26.1   2.32   0.96   4.3
  1   2007   161   12896   16.1   26.2   2.26   1.03   0.0
  1   2007   162   11500   17.4   25   2.01   0.95   0.0
  1   2007   163   10952   17.7   25   2.16   0.77   0.0
  1   2007   164   13509   18.1   25.9   2.22   1.07   0.0
  1   2007   165   14503   16.6   26.5   2.17   1.32   0.0
  1   2007   166   12102   16.9   25.5   2.17   1.25   0.2
  1   2007   167   7104   15.3   23.9   1.99   1.34   14.0
  1   2007   168   12407   15.9   25.3   2.10   0.77   0.4
  1   2007   169   13505   16.4   26.3   2.08   1.18   0.0
  1   2007   170   14500   14.9   26   2.14   1.1   0.0
  1   2007   171   15120   15.3   26.6   2.09   1.17   0.0
  1   2007   172   6245   17.3   24.2   2.14   1.04   22.0
  1   2007   173   7634   17.2   24.7   2.07   1.16   7.2
  1   2007   174   5430   17.1   23.5   2.20   1.37   0.8
  1   2007   175   8342   18.3   24.2   2.17   0.67   1.6
  1   2007   176   13080   17.3   26.3   2.24   1.02   0.0
  1   2007   177   14980   17.9   27   2.19   0.99   0.0
  1   2007   178   17234   17   27.2   2.22   1   0.0
  1   2007   179   13421   19.2   26.1   2.13   1.11   40.0
  1   2007   180   15630   18.9   26.3   2.55   1.05   10.1
  1   2007   181   17102   16.2   27.8   2.30   0.94   0.0
  1   2007   182   18090   16.2   27.9   2.04   1.18   0.0
  1   2007   183   12756   16.4   26   2.14   1.21   0.0
  1   2007   184   4326   17.9   19.5   2.11   1.41   10.0
  1   2007   185   5238   16.3   22.3   2.12   0.91   12.1
  1   2007   186   9804   17.7   25.2   1.91   0.89   0.0
  1   2007   187   11562   18.1   24.6   2.14   0.8   0.0
  1   2007   188   7864   17.9   23.6   2.42   1.3   8.0
  1   2007   189   15652   15.2   26.7   2.30   1.02   0.0
  1   2007   190   11200   16   25.6   1.90   0.9   2.0
  1   2007   191   8120   17.2   23.7   1.96   0.81   9.0
  1   2007   192   9800   16.5   25.3   2.19   0.88   0.0
  1   2007   193   15127   15.5   27   2.15   0.83   4.1
  1   2007   194   10621   17.5   25.4   2.00   0.91   13.0
  1   2007   195   7781   16.8   24.7   2.14   0.98   2.0
  1   2007   196   13742   18   26.3   2.24   1.05   0.2
  1   2007   197   8840   18.3   24.8   2.20   1.15   0.0
  1   2007   198   4475   16.4   21.6   2.13   1.05   0.4
  1   2007   199   12805   16.3   26.4   2.09   0.83   10.8
  1   2007   200   15423   18.1   26   2.14   1.27   9.0
  1   2007   201   14222   16.4   25.1   2.18   1.19   11.6
  1   2007   202   13247   15.5   25.6   2.28   0.93   2.2
  1   2007   203   11234   16.7   25.5   2.01   0.95   0.0
  1   2007   204   16410   17.2   26.8   2.14   0.91   0.0
  1   2007   205   11201   16.1   25.2   2.19   0.9   0.0
  1   2007   206   13421   18.3   25.4   2.28   1.1   14.0
  1   2007   207   15400   16.9   27.1   2.27   1.7   0.0
  1   2007   208   20143   17   27.8   1.98   1.5   0.0
  1   2007   209   17203   17.1   26.8   2.15   1.36   0.8
  1   2007   210   7892   15.9   23.4   2.33   1.2   0.6
  1   2007   211   7504   17   24.5   2.02   0.96   0.0
  1   2007   212   6514   17   23.4   2.12   1.41   0.0
  1   2007   213   8102   18.1   24.1   1.99   1.17   0
  1   2007   214   11000   17.3   25.5   2.14   1.26   30.2
  1   2007   215   4850   17.2   22.5   2.10   1.09   3.8
  1   2007   216   13892   16   26.7   2.28   0.89   12
  1   2007   217   15496   16.5   27.5   2.13   1.14   18.1
  1   2007   218   4782   17.8   21.9   2.12   1.07   0
  1   2007   219   13803   15.3   26.6   2.15   1.07   0
  1   2007   220   8812   17.5   24   2.18   1.34   0
  1   2007   221   10236   17.8   24.8   1.94   1.01   0
  1   2007   222   14082   18.3   26.1   2.20   0.95   0
  1   2007   223   10200   17.4   25.4   2.25   1.32   18.4
  1   2007   224   6128   18   22.8   2.28   1.2   0.6
  1   2007   225   13509   15.7   26.2   2.21   1.03   0
  1   2007   226   9123   16.4   24.8   2.24   1.34   0
  1   2007   227   12542   16.8   25.3   1.90   1.12   6.2
  1   2007   228   14215   17.5   25.6   2.21   1.37   4.5
  1   2007   229   9840   16.4   25   2.01   1.01   5.8
  1   2007   230   12842   17.7   25.8   2.08   0.94   0
  1   2007   231   13124   17.9   25.5   2.11   1.22   0
  1   2007   232   16120   17.3   26.9   2.27   1.26   0
  1   2007   233   12400   17.7   25   2.43   1.25   0
  1   2007   234   14820   16.1   26.4   2.29   1.12   0
  1   2007   235   20140   15.1   28.4   2.27   1.14   0
  1   2007   236   14950   18.7   26.2   2.32   1.03   12.2
  1   2007   237   10800   18.1   25.4   2.03   0.99   0.3
  1   2007   238   13410   17.6   26.4   2.34   1.06   0
  1   2007   239   14631   18.8   26.2   2.37   1.16   3.3
  1   2007   240   18524   16.4   27.6   2.46   1.32   0.8
  1   2007   241   14523   18   26.7   2.37   1.15   4.2
  1   2007   242   8810   18.4   24.9   2.48   0.86   0
  1   2007   243   16756   17.7   26.8   2.37   1.12   0.6
  1   2007   244   16452   17.7   26.8   2.41   1.33   0.0
  1   2007   245   11765   17.2   24.5   2.44   0.95   11.2
  1   2007   246   9760   18.1   25.3   2.45   0.95   0.0
  1   2007   247   11345   17.3   25.3   2.30   1.39   15.6
  1   2007   248   13126   16.3   26.2   2.10   1.54   0.0
  1   2007   249   5673   16.8   23.2   2.05   1.23   6.4
  1   2007   250   13100   17   25.8   2.15   1.03   12.6
  1   2007   251   14200   16.9   27.2   2.05   0.82   9.4
  1   2007   252   15523   16.4   27.3   2.40   1.5   4.2
  1   2007   253   9752   17   25.4   2.09   1.01   17.4
  1   2007   254   11000   17.2   25.7   1.91   1.58   0.0
  1   2007   255   8675   17.9   24.6   2.08   1.1   14.8
  1   2007   256   12312   17.5   25.4   2.27   1.65   6.4
  1   2007   257   14250   17.7   26.2   2.06   0.93   2.0
  1   2007   258   15216   17.3   26   2.29   1.13   11.6
  1   2007   259   13234   17.5   26.4   2.14   1.3   22.3
  1   2007   260   10500   18.7   25.8   2.40   1.03   2.4
  1   2007   261   14100   17.4   26.5   2.43   1.15   0.0
  1   2007   262   15224   17.7   26.4   2.40   1.05   0.0
  1   2007   263   17500   17.2   27.5   2.17   1.14   1.6
  1   2007   264   18123   17.4   27.6   2.41   0.99   15.4
  1   2007   265   21050   15.6   28.4   2.49   1.38   0.0
  1   2007   266   19807   16.3   28.9   2.28   1.57   0.0
  1   2007   267   16432   17.1   27.5   2.25   1.11   8.0
  1   2007   268   13404   14.8   26   2.56   1.3   0.6
  1   2007   269   16521   17.3   27.2   2.41   1.42   5.1
  1   2007   270   14330   15   27   2.48   1.31   0.0
  1   2007   271   16325   18.4   27   2.39   1.18   1.0
  1   2007   272   16442   16.7   27.8   2.56   1.49   15.1
  1   2007   273   7512   16.7   24.4   2.55   0.84   0.0
  1   2007   274   17120   17.6   27.9   2.38   1.52   3.2
  1   2007   275   14218   16.5   27   2.51   0.78   1.0
  1   2007   276   16895   17.5   28   2.37   1.47   0.2
  1   2007   277   17127   16.8   28.1   2.30   1.22   0.0
  1   2007   278   9974   17   25.5   2.22   1.44   0.2
  1   2007   279   11878   18.2   26   2.40   1.26   0.0
  1   2007   280   13267   16.9   26.7   2.21   1.3   11.4
  1   2007   281   10102   16.8   25.5   2.16   1.09   31.2
  1   2007   282   14109   16.3   26   2.26   1.12   15.0
  1   2007   283   15080   17.9   27.3   1.93   1.17   0.2
  1   2007   284   18560   17.5   28.1   2.64   1.09   0.0
  1   2007   285   15167   17.7   27.6   2.34   1.19   0.2
  1   2007   286   13489   18.4   27.2   2.48   1.33   0.0
  1   2007   287   16790   17.5   27.7   2.41   1.12   0.6
  1   2007   288   17208   18   28.2   2.35   1.42   0.8
  1   2007   289   18347   15.5   27.6   2.39   1.28   5.8
  1   2007   290   17120   16.4   28.3   2.26   1.35   0.4
  1   2007   291   15239   16.9   27.6   2.36   1.37   0.6
  1   2007   292   12300   17   25.8   2.23   1.19   22.4
  1   2007   293   10534   16.8   24.7   2.12   0.97   8.4
  1   2007   294   13456   16   26.6   2.23   1.38   14.2
  1   2007   295   15500   17.5   27.5   2.01   1.77   0.4
  1   2007   296   18768   17.6   28.1   2.14   1.38   0.0
  1   2007   297   17862   17.6   27.9   2.17   1.39   0.0
  1   2007   298   10450   18.9   25.1   2.35   1.71   0.2
  1   2007   299   15890   17.3   27.4   2.61   1.35   33.4
  1   2007   300   16450   16.7   27.3   2.34   0.84   0.2
  1   2007   301   15432   16.4   27.2   2.28   1.34   5.6
  1   2007   302   18970   18.2   28.1   2.22   1.17   0.2
  1   2007   303   19786   17.9   28.4   2.32   1.1   0.2
  1   2007   304   19450   18.7   28.3   2.29   1.31   46.0
  1   2007   305   17104   16.4   28.1   2.29   1.16   6.0
  1   2007   306   18456   18.2   28.4   2.24   1.22   46.0
  1   2007   307   12320   17.9   25.7   2.58   1.58   35.1
  1   2007   308   4512   18.7   19.6   2.08   1.36   4.2
  1   2007   309   9650   17.7   25.3   2.17   0.9   11.0
  1   2007   310   16894   16.8   28   2.57   0.98   2.8
  1   2007   311   13210   17.7   25.7   2.29   1.38   0.4
  1   2007   312   12766   18.7   26.4   2.49   0.98   0.2
  1   2007   313   17428   16.2   28.4   2.51   1.32   0.0
  1   2007   314   15111   17.6   27.5   2.47   1.16   3.0
  1   2007   315   17850   16.8   27.9   2.55   1.23   0.2
  1   2007   316   16874   17.7   27.4   2.36   0.98   22.6
  1   2007   317   17458   17.8   27.8   2.44   1.42   16.3
  1   2007   318   18120   18.3   27.8   2.47   1.53   3.1
  1   2007   319   16650   16.9   27.3   2.31   0.99   30.4
  1   2007   320   12879   17.8   26.5   2.26   1.22   0.2
  1   2007   321   11145   17.6   25.8   2.22   1.42   23.6
  1   2007   322   7766   18.1   24   2.49   1.02   34.6
  1   2007   323   14967   16.8   27   2.38   1.41   8.8
  1   2007   324   13000   16.9   26.4   2.61   1.18   3.2
  1   2007   325   15642   17.9   27.4   2.56   1.5   9.0
  1   2007   326   16100   16.4   27.5   2.57   1.32   0.0
  1   2007   327   17653   18.3   28   2.37   1.41   0.0
  1   2007   328   18054   16.6   28   2.35   1.29   0.0
  1   2007   329   11867   16.5   25.8   2.41   1.21   8.2
  1   2007   330   17120   16.9   28.1   2.42   0.99   0.2
  1   2007   331   16784   16.6   28.1   2.51   1.44   15.4
  1   2007   332   18564   17.2   27.6   2.49   1.25   8.0
  1   2007   333   17231   18.2   27.5   2.21   1.32   21.0
  1   2007   334   18120   18.3   27.6   2.28   0.99   0.0
  1   2007   335   14952   16.5   27.4   2.18   1.52   0
  1   2007   336   18128   16.2   28.1   2.22   1.29   0
  1   2007   337   12914   17.3   26.5   2.35   1.08   0
  1   2007   338   16310   16   27.7   2.18   1.12   0.0
  1   2007   339   19120   17   28.7   2.31   1.45   0.0
  1   2007   340   17901   16.2   28.5   2.17   1.53   0.0
  1   2007   341   17678   15.4   28.1   2.12   1.29   0.0
  1   2007   342   14980   16.9   27   2.23   1.02   2.2
  1   2007   343   7129   16.4   24   2.19   1.61   0.0
  1   2007   344   12674   17.2   26   2.31   1.12   0.0
  1   2007   345   13405   17.7   26.3   2.37   1.24   1.4
  1   2007   346   12458   17.1   25.8   2.31   0.89   0.8
  1   2007   347   8956   17.3   24.7   2.41   1.02   17.0
  1   2007   348   16982   16.5   27.5   2.31   1.46   0.0
  1   2007   349   13904   16.1   26.5   2.19   1.24   0.0
  1   2007   350   14980   17.6   27.1   2.41   1.38   0.0
  1   2007   351   19913   16.4   29   2.28   1.5   0.0
  1   2007   352   20500   14.7   28.8   2.08   1.61   0.0
  1   2007   353   22505   14   29.6   1.92   1.49   0.0
  1   2007   354   16752   14   27.8   1.85   1.72   0.0
  1   2007   355   13845   16.5   26   2.21   0.96   1.1
  1   2007   356   18778   17.4   27.5   2.18   1.38   0.0
  1   2007   357   19345   17.5   28.6   2.21   1.28   0.0
  1   2007   358   18326   17.1   28.4   2.34   1.42   0.0
  1   2007   359   20812   15.8   29.2   2.23   1.53   0.0
  1   2007   360   18807   17.8   28.6   2.42   1.43   0.0
  1   2007   361   20832   17.3   29.3   2.31   1.65   0.0
  1   2007   362   15451   18.4   27.4   2.51   1.54   0.0
  1   2007   363   19326   17.8   28.8   2.35   1.41   0.0
  1   2007   364   21060   16.8   29.3   2.23   1.29   0
  1   2007   365   20510   15.4   29.5   2.08   0.78   0.0
