*...................................................................*
*File name = UGA1.004
*CREATED BY: Nyombi Kenneth
*Source: Kawanda meteorological station
* Longitude:   32 31 E, latitude: 0 25 N, altitude: 1190 m."
*Column:         Daily value:            dimension:
*
* 1     station number
* 2     year
* 3     day
* 4     RDD     Total daily global radiation   KJ/(m**2 d)
* 5   TMMN   minimum air temperature         degree C
* 6     TMMX   maximum air temperature         degree C
* 7      VP      Vapour pressure at 9 a.m.       kPa
* 8     WN      Average wind speed               m/s
* 9     RAIN   Total daily rainfall            mm/d
*....................................................................*
   32.31   0.25   1190   0.00   0.00                        
   1   2004   1   12171   17.4   28.9   1.89   0.51   0
   1   2004   2   18974   18   28.59   1.77   1.36   18.1
   1   2004   3   14907   17.8   26.74   1.65   1.3   8.3
   1   2004   4   11655   19.9   27.42   1.56   0.63   2.4
   1   2004   5   18594   17.8   27.45   1.70   1.06   0.8
   1   2004   6   19487   19.9   28.23   1.59   0.91   0.1
   1   2004   7   15137   19.7   28.42   1.60   0.52   4.5
   1   2004   8   17569   20.3   29.97   1.69   0.55   0
   1   2004   9   19458   19.6   28.63   1.54   0.59   0
   1   2004   10   16106   19   27.97   1.60   0.78   0
   1   2004   11   19849   18.8   28.61   1.59   0.48   0.1
   1   2004   12   15159   19   29.51   1.53   0.61   0.1
   1   2004   13   10085   19.8   26.11   1.58   0.78   0
   1   2004   14   8205   18   24.89   1.65   0.56   0
   1   2004   15   12799   19.1   27.45   1.55   0.54   1.5
   1   2004   16   12559   19.5   26.76   1.54   0.51   3
   1   2004   17   21958   19.6   30.37   1.52   0.55   0.1
   1   2004   18   9495   18   25.65   1.62   0.74   7.2
   1   2004   19   12557   18.2   26.32   1.53   0.95   15.7
   1   2004   20   11556   18.5   27   1.64   0.56   11.9
   1   2004   21   20305   18.5   29.37   1.49   0.52   0.1
   1   2004   22   12223   19.2   26.03   1.58   0.77   7.2
   1   2004   23   15211   18   27.36   1.62   0.55   1.5
   1   2004   24   14927   16.6   25.41   1.55   1.06   25.6
   1   2004   25   22024   17   27.77   1.58   0.55   0.1
   1   2004   26   20600   18.2   28.95   1.52   0.4   0
   1   2004   27   23150   19   30.43   1.58   0.5   0
   1   2004   28   22716   19.7   30.14   1.65   0.9   0
   1   2004   29   17688   18.4   26.77   1.55   0.76   0
   1   2004   30   17407   18.7   27.82   1.62   0.58   0
   1   2004   31   20252   19   29.98   1.43   0.73   0
   1   2004   32   19908   17.7   29.7   1.81   0.81   0
   1   2004   33   12229   20   27   1.64   0.53   0
   1   2004   34   17692   13.9   29   1.68   0.5   0
   1   2004   35   18220   18.1   28.1   1.64   0.96   0
   1   2004   36   19503   15.4   29   1.55   0.77   0
   1   2004   37   21287   12.2   30.7   1.47   0.7   0
   1   2004   38   21071   14.2   30.3   1.00   0.81   0
   1   2004   39   15753   15.2   30   1.61   0.62   0
   1   2004   40   11788   18   28.5   2.05   0.85   0
   1   2004   41   23795   12.6   31.7   1.25   0.78   0
   1   2004   42   23009   15.6   32.9   1.75   0.88   0
   1   2004   43   23163   16.7   32.8   1.52   0.98   0
   1   2004   44   22251   18.2   32.8   1.62   0.77   0
   1   2004   45   23121   17   32.3   1.12   0.72   0
   1   2004   46   9854   11.7   27.8   1.36   0.67   10.6
   1   2004   47   4611   19.3   24.6   1.58   0.5   20.8
   1   2004   48   14741   17   24.9   1.64   1.07   14.8
   1   2004   49   17550   18.5   28.3   1.63   0.81   0.9
   1   2004   50   12886   18   27.9   1.65   0.8   0.3
   1   2004   51   16604   17.5   27   1.59   0.85   7.1
   1   2004   52   15319   19   27.9   1.59   0.78   10.6
   1   2004   53   11083   19.8   26.3   1.64   0.45   0
   1   2004   54   19617   20.6   30.2   1.57   0.65   0.3
   1   2004   55   14331   19   27.9   2.12   0.72   0
   1   2004   56   12622   20.6   26.5   1.61   0.87   0.4
   1   2004   57   21266   20.6   29.3   1.50   0.96   0.1
   1   2004   58   16392   20   27.6   1.95   0.93   0
   1   2004   59   9667   17.9   26.8   1.16   0.7   0
   1   2004   60   17609   18.4   28.3   1.58   0.76   4.8
   1   2004   61   16406   19   26.23   1.62   1.38   0.1
   1   2004   62   14021   19   26.89   1.69   0.91   0
   1   2004   63   23850   20   29.22   1.58   1.09   0
   1   2004   64   18730   20.1   30.35   1.62   0.57   0
   1   2004   65   20118   19.5   30.82   1.54   0.78   0.1
   1   2004   66   16208   19.8   29.35   1.60   0.8   0.1
   1   2004   67   17252   18.3   28.49   1.21   0.54   0
   1   2004   68   9940   18   26.31   1.57   0.63   5.9
   1   2004   69   13887   19.8   27.33   1.63   0.53   0
   1   2004   70   17263   19.8   29.48   1.76   0.51   0
   1   2004   71   16676   20.2   29.4   1.56   0.96   5.2
   1   2004   72   11056   19   26.86   1.27   0.61   1.5
   1   2004   73   17752   19   29.34   1.43   0.7   0.1
   1   2004   74   19101   18.8   28.3   1.53   1.08   1.9
   1   2004   75   16057   19.9   28.07   1.85   1.27   0
   1   2004   76   19659   19   29.32   1.22   1.22   0.7
   1   2004   77   16312   19   29.54   1.71   0.87   0.6
   1   2004   78   14603   18.5   27.74   1.49   1.3   6.8
   1   2004   79   17587   18.7   29.26   1.80   1.14   0.7
   1   2004   80   16571   19.2   29.11   1.18   0.83   0.4
   1   2004   81   15851   18.9   28.39   1.89   0.74   0
   1   2004   82   22140   18.5   29.94   1.63   1.11   0
   1   2004   83   22292   20.5   30.52   1.71   1.25   0
   1   2004   84   19385   20   30.4   1.37   1.11   0
   1   2004   85   22808   20   30.6   1.57   1.19   0
   1   2004   86   18715   21.6   30.01   1.65   1.16   0
   1   2004   87   17092   19   28.89   1.35   1.14   0
   1   2004   88   14264   18.6   28.39   1.45   0.69   0
   1   2004   89   10722   20.6   29.5   1.59   0.74   38.9
   1   2004   90   9056   19   25.76   1.46   0.89   0.1
   1   2004   91   10220   19   23.01   1.53   1.03   1.2
   1   2004   92   8609   20   25.5   1.52   0.72   0.1
   1   2004   93   15416   19.6   28.4   1.84   0.84   7.9
   1   2004   94   17736   19.2   27.7   1.67   1.19   0
   1   2004   95   13980   18   26.3   1.58   1.33   6.6
   1   2004   96   10058   17.8   24.2   1.57   0.65   0
   1   2004   97   13967   18.5   25.9   1.61   0.83   0
   1   2004   98   15386   19.8   27.6   1.39   0.91   0
   1   2004   99   13889   19.2   27.8   1.62   0.9   0.1
   1   2004   100   18147   18   29.5   1.50   0.83   0
   1   2004   101   12780   18   24.6   1.62   1.03   11.5
   1   2004   102   10741   17.5   26.1   1.65   0.6   0.3
   1   2004   103   8229   17.5   24.2   1.54   0.81   4.1
   1   2004   104   21686   18   28.7   1.55   0.65   0
   1   2004   105   6278   18.5   24.1   1.61   0.51   1.8
   1   2004   106   18169   18.2   26.2   1.55   0.76   0
   1   2004   107   19444   19   27.3   1.51   0.82   2.5
   1   2004   108   14854   19.4   26.6   1.54   1.18   4
   1   2004   109   22798   17.3   27.9   1.58   1.16   2.5
   1   2004   110   18392   18.5   26.9   1.56   1.25   0.1
   1   2004   111   14628   17.1   26.9   1.85   1.25   0
   1   2004   112   19229   18.1   28.4   1.13   0.75   0
   1   2004   113   21034   18.3   28.1   1.56   1.26   3
   1   2004   114   21110   19   27.9   2.04   1.19   1.1
   1   2004   115   11543   20   27.6   1.51   0.56   4.5
   1   2004   116   16379   17.4   25.8   1.62   1.3   7.1
   1   2004   117   16177   19.8   27.1   1.74   0.78   0
   1   2004   118   21861   19.5   27.2   1.65   1.09   3.7
   1   2004   119   20123   18.7   26.2   1.64   1.56   4.6
   1   2004   120   21355   19.8   26.3   1.59   1.15   0.1
   1   2004   121   9296   18.7   24.2   1.54   0.6   17.3
   1   2004   122   16437   18   25.08   1.66   1.32   0.3
   1   2004   123   16240   18.8   26.05   1.50   0.72   1.7
   1   2004   124   2293   18.4   19.43   1.56   0.67   5.7
   1   2004   125   17085   17.1   25.17   1.61   0.73   0.1
   1   2004   126   17077   18.4   27.82   1.78   0.73   0.1
   1   2004   127   19576   19.7   27.49   1.82   0.94   0
   1   2004   128   20125   19.8   28.4   1.99   1.11   0
   1   2004   129   4156   19   23.34   1.59   0.6   2.2
   1   2004   130   21495   17.5   27.19   1.88   0.98   0
   1   2004   131   16718   17.8   28.65   1.91   0.59   0
   1   2004   132   21672   18.5   29.21   1.41   1.03   0
   1   2004   133   10040   20   28.63   1.72   0.67   0.5
   1   2004   134   12481   19.6   28.31   1.73   1.03   0
   1   2004   135   16847   20   28.82   1.85   1.08   0
   1   2004   136   19535   18.5   29.37   1.81   0.85   0
   1   2004   137   13610   19   29.19   1.75   0.53   0.8
   1   2004   138   19483   18.7   28.35   1.72   1.23   0
   1   2004   139   21696   20.4   29.89   1.69   1.11   0
   1   2004   140   20091   19.8   30.06   1.75   0.92   0.2
   1   2004   141   18222   19.4   28.16   1.71   1.1   0.1
   1   2004   142   18683   18.8   28.96   1.76   1.01   0.1
   1   2004   143   16120   18   29.11   1.73   0.89   0
   1   2004   144   16096   19   28.08   1.88   1.03   0
   1   2004   145   13882   18.1   28.05   1.93   0.98   0
   1   2004   146   19246   19.1   28.82   1.85   1.37   0
   1   2004   147   14448   20   26.83   2.04   1.11   2.3
   1   2004   148   18786   19.8   27.95   1.77   1.54   0
   1   2004   149   20736   18.5   27.62   1.79   1.3   0
   1   2004   150   12653   18.9   26.77   1.72   0.95   0.1
   1   2004   151   12901   17   27.39   1.69   0.74   7.3
   1   2004   152   19053   18   26.68   1.84   1.1   0.1
   1   2004   153   14060   18   27.39   1.87   1.03   0
   1   2004   154   17202   17.6   26.68   1.75   1.36   0
   1   2004   155   20754   13.2   29.3   1.82   1.51   0
   1   2004   156   17675   11.7   27.6   1.64   1.5   0.1
   1   2004   157   13091   14.6   26.8   1.76   1.25   1.4
   1   2004   158   7897   14.1   26.6   1.87   1.73   0
   1   2004   159   17858   12.2   27.6   1.42   1.39   10.5
   1   2004   160   13800   14.4   27.5   1.67   0.85   0
   1   2004   161   18422   15.5   29   1.82   1.11   0
   1   2004   162   12063   16.9   26.2   1.95   1.04   0.4
   1   2004   163   18748   16.4   26.5   1.82   1.17   0
   1   2004   164   17482   17.2   26.8   1.89   1.03   0
   1   2004   165   18223   16   28.3   2.01   1.05   0
   1   2004   166   18421   17.6   29   1.75   1.07   0.5
   1   2004   167   11677   15.7   27.6   1.99   0.9   1.1
   1   2004   168   12423   14.9   26.3   1.86   0.43   3.2
   1   2004   169   13581   16   27.6   1.94   0.78   0
   1   2004   170   10258   16.2   25.8   1.96   0.88   0
   1   2004   171   8788   17.5   25.5   2.06   1.03   0.2
   1   2004   172   12637   18.4   27.6   1.96   1.12   0
   1   2004   173   8471   17.2   26.3   2.01   0.7   3.3
   1   2004   174   16337   16.7   27.2   1.85   0.9   0.4
   1   2004   175   10509   17.3   26.1   2.02   0.94   0
   1   2004   176   18358   17.1   27.4   1.93   1.07   14.6
   1   2004   177   13087   16.7   26.2   1.82   0.64   6.9
   1   2004   178   14919   18.1   26.2   1.98   0.77   0.3
   1   2004   179   17476   17.5   26.8   1.89   1.17   0
   1   2004   180   18808   15.5   26.9   1.93   1.06   0
   1   2004   181   20024   15   25.7   1.88   1.45   0
   1   2004   182   18450   15.2   26.2   1.90   1.2   0
   1   2004   183   21352   15.98   26.19   1.89   1.46   0
   1   2004   184   20064   14.48   27.1   1.85   1.29   0
   1   2004   185   16175   15.59   26.49   1.94   1.23   0
   1   2004   186   19596   12.29   28.05   1.66   0.98   0
   1   2004   187   20701   12.5   28.8   1.68   1.16   0
   1   2004   188   21404   14.6   26.6   1.78   1.61   0
   1   2004   189   20128   14.19   25.7   1.46   1.66   0
   1   2004   190   19447   13.74   26.23   1.65   1.53   0
   1   2004   191   12660   16.89   26.65   1.77   1.13   0
   1   2004   192   7257   14.63   25.93   1.71   0.63   2
   1   2004   193   16882   12.72   27.67   1.61   0.92   0.2
   1   2004   194   16896   16.37   27.46   1.71   1   1.7
   1   2004   195   17310   16.36   28.17   1.97   0.86   0
   1   2004   196   20518   13.55   29.51   1.75   0.96   0
   1   2004   197   10206   17.46   27.31   1.78   0.81   2
   1   2004   198   17399   15.24   27.05   1.86   1.15   0
   1   2004   199   11668   16.27   25.74   2.02   0.72   11.5
   1   2004   200   9747   16.27   25.48   1.96   0.68   0
   1   2004   201   9367   16.52   25.48   1.94   0.61   0
   1   2004   202   12477   15.94   25.03   1.92   0.84   0
   1   2004   203   13802   15.44   27.66   1.88   0.61   0
   1   2004   204   13868   17.26   26.82   1.92   0.79   0
   1   2004   205   13052   16.91   27.01   1.93   0.81   0
   1   2004   206   11583   17.03   26.73   1.94   0.88   9.4
   1   2004   207   13102   15.68   27.1   1.88   0.79   0
   1   2004   208   14293   13   27.09   1.82   0.55   5.7
   1   2004   209   13876   14.76   26.79   1.93   0.95   0.2
   1   2004   210   16117   16.42   27.42   1.78   0.81   0
   1   2004   211   13712   15.07   27.81   1.85   0.58   8.7
   1   2004   212   13777   15.82   27.52   1.86   0.48   0
   1   2004   213   16356   14.84   28.39   1.83   0.92   0
   1   2004   214   12191   16.88   27.08   1.90   0.44   4.1
   1   2004   215   9897   16.29   25.87   1.92   0.44   9.2
   1   2004   216   13048   16.39   26.22   1.85   0.73   0
   1   2004   217   9343   17   25.14   1.97   0.37   0.1
   1   2004   218   13632   16.8   26.5   2.03   0.75   0
   1   2004   219   13822   16.31   26.13   1.89   0.84   0.3
   1   2004   220   11657   16.79   26.4   2.03   0.8   0.1
   1   2004   221   17285   15.72   27.69   2.03   0.76   0
   1   2004   222   14705   18.2   27.76   2.01   0.84   0
   1   2004   223   6711   16.85   25.39   2.03   0.99   1.4
   1   2004   224   12086   15.98   26.57   1.87   0.5   0.6
   1   2004   225   13220   17.11   26.03   1.96   0.8   0.2
   1   2004   226   12621   14.82   25.51   1.86   0.71   0.1
   1   2004   227   13489   16.53   27.4   1.97   0.52   0.3
   1   2004   228   11480   16.01   27.17   1.98   0.71   15.3
   1   2004   229   20329   12.42   29.48   1.51   0.57   0.1
   1   2004   230   8804   16.71   26.91   2.04   0.61   0
   1   2004   231   10935   16.37   25.53   1.97   0.76   1.6
   1   2004   232   16388   17.39   26.89   1.99   1.02   0
   1   2004   233   19170   16.01   26.73   1.92   1.06   0
   1   2004   234   15409   14.81   28.27   1.71   0.69   0
   1   2004   235   12969   16.04   28.46   2.04   0.87   2.3
   1   2004   236   11138   15.85   26.89   2.01   0.48   0.1
   1   2004   237   11941   15.73   26.84   1.90   0.67   0
   1   2004   238   9080   16.93   26.72   2.03   1.05   0.3
   1   2004   239   9965   16.95   24.72   1.74   0.83   0.2
   1   2004   240   19441   14.94   28.88   1.90   0.99   0
   1   2004   241   19813   14.68   29.8   1.89   0.84   0
   1   2004   242   17194   15.85   28.18   1.91   1.11   0
   1   2004   243   21035   16.8   28.65   1.92   1.15   7.7
   1   2004   244   19777   16.61   29.18   2.01   0.95   0
   1   2004   245   21116   15.4   29.6   1.98   1.34   0
   1   2004   246   14397   14.8   28.6   1.93   0.72   0.9
   1   2004   247   9289   15.5   26.3   1.91   0.97   1.7
   1   2004   248   17245   15.3   28.3   1.87   0.56   1.5
   1   2004   249   11568   15.3   26.3   1.94   0.44   1.1
   1   2004   250   13859   15.8   27.4   1.80   0.7   1
   1   2004   251   11653   15.5   24.8   1.73   1.11   38
   1   2004   252   19920   15.6   27.5   1.88   0.88   0
   1   2004   253   15805   16   26.8   1.81   0.72   38.1
   1   2004   254   21604   16.5   26.7   1.98   1.38   14.9
   1   2004   255   23178   17.2   27.7   2.09   1.06   0
   1   2004   256   19873   16.7   26.8   2.00   1.08   0
   1   2004   257   14575   17.7   26.8   1.96   0.79   0.7
   1   2004   258   16904   17   26.1   2.10   0.93   4.8
   1   2004   259   24427   17   28   1.98   0.84   0
   1   2004   260   18469   18.6   27.4   2.01   0.67   0
   1   2004   261   21257   16.7   28.6   1.97   0.76   0
   1   2004   262   20838   15.7   28.5   1.94   0.83   0
   1   2004   263   15040   17.9   28.6   1.98   0.71   1.7
   1   2004   264   19748   17   29   2.03   0.64   0
   1   2004   265   18711   16.9   26.5   2.05   1.27   5.6
   1   2004   266   16684   17.8   26   2.05   1.11   0
   1   2004   267   14238   18.1   26.2   2.05   0.68   28
   1   2004   268   17999   17.2   27   1.95   0.86   0
   1   2004   269   8643   16   26   1.77   1.01   13.8
   1   2004   270   20099   15   27.8   1.66   0.67   9.1
   1   2004   271   15455   14.7   26.6   1.77   0.63   0.1
   1   2004   272   21055   9.4   27.7   1.24   0.73   0
   1   2004   273   17166   14.4   28.3   1.84   0.61   3.7
   1   2004   274   5162   16.3   24   2.08   0.96   6.9
   1   2004   275   16213   16.37   26.52   2.03   0.91   0.1
   1   2004   276   8620   16.59   23.54   1.97   1.08   23.3
   1   2004   277   14809   10.74   26.27   1.23   0.49   2.9
   1   2004   278   22654   15.23   27.53   1.92   0.71   0
   1   2004   279   18362   17.43   28.35   1.99   0.56   2.3
   1   2004   280   17349   17.63   28.31   2.11   0.57   0
   1   2004   281   20194   16.49   28.51   2.01   0.8   0
   1   2004   282   20690   16.95   28.56   2.00   0.7   2.8
   1   2004   283   15969   16.71   28.64   2.03   0.23   0
   1   2004   284   24429   17.44   30.32   2.09   0.83   0
   1   2004   285   24005   16.84   30.32   2.17   0.78   0
   1   2004   286   14874   17.2   26.81   1.94   0.84   15.9
   1   2004   287   20218   17.21   27.8   2.07   0.65   0
   1   2004   288   12589   18.09   26.88   1.94   0.67   4.5
   1   2004   289   21085   16.94   27.95   1.95   1   5
   1   2004   290   15850   17.18   26.16   2.15   0.93   26.9
   1   2004   291   12349   16.92   25.97   2.03   0.74   0.8
   1   2004   292   17286   16.35   27.4   1.95   0.44   2.2
   1   2004   293   12834   18.3   25.33   2.02   1.06   0
   1   2004   294   12507   18.56   26.16   2.17   0.53   5
   1   2004   295   14456   17.76   26.41   2.08   0.71   1.6
   1   2004   296   10276   17.35   26.05   1.95   0.59   19.8
   1   2004   297   8747   16.88   25.25   1.92   0.61   6.1
   1   2004   298   14037   16.99   27.92   2.01   0.5   3.2
   1   2004   299   14621   13.25   27.56   1.44   0.6   0.1
   1   2004   300   13838   17.71   27.61   1.98   0.84   7.4
   1   2004   301   7800   15.56   24.11   1.58   0.33   4.7
   1   2004   302   9043   15.78   25.06   1.84   0.29   0.5
   1   2004   303   13186   17.21   26.52   2.01   0.63   0
   1   2004   304   14661   13.79   25.34   1.55   1.29   8.4
   1   2004   305   21081   15.75   27.98   1.72   0.77   0.9
   1   2004   306   14114   16.6   26.6   1.87   0.59   6.4
   1   2004   307   13598   15.1   25.9   1.59   0.69   0
   1   2004   308   10072   16.7   23.8   1.97   0.84   0.5
   1   2004   309   17945   13.2   26.9   1.48   0.52   0.7
   1   2004   310   15364   16.5   27   2.05   0.57   0
   1   2004   311   7416   15   23   1.73   0.64   43.9
   1   2004   312   20142   18.2   26.8   0.71   0.88   0.1
   1   2004   313   13626   17   26.5   1.89   0.63   1.1
   1   2004   314   10926   16.4   27.2   1.92   0.33   28.9
   1   2004   315   20393   18.4   29   1.97   0.48   0
   1   2004   316   9764   18   25.4   1.26   0.83   31.4
   1   2004   317   20597   16.6   28.1   2.08   0.72   0.1
   1   2004   318   14020   10.1   27.6   1.08   0.55   0
   1   2004   319   17156   16.5   28.6   1.85   0.52   0.1   
   1   2004   320   20449   16.3   28.8   1.87   0.69   0.8   
   1   2004   321   13584   16.1   27.6   2.02   0.53   0   
   1   2004   322   15594   15.2   29.1   1.81   0.35   0.6   
   1   2004   323   16369   15.9   27.3   1.89   0.8   0   
   1   2004   324   15331   16.5   27.7   1.92   0.58   14.1   
   1   2004   325   17010   18.7   26.9   1.11   0.8   0.1   
   1   2004   326   19422   15.4   28.3   1.76   0.67   6   
   1   2004   327   15538   17.3   27.3   2.00   0.58   5.1   
   1   2004   328   17593   17.5   26.8   1.82   0.33   0.9   
   1   2004   329   11342   13.3   25.2   1.79   0.83   67   
   1   2004   330   15844   17.6   26.6   1.81   0.71   28   
   1   2004   331   19570   16.7   26.9   1.74   0.37   0.1   
   1   2004   332   15194   18   27.1   1.21   0.18   0.1   
   1   2004   333   17721   18.3   28.3   1.39   0.43   0   
   1   2004   334   21189   18.5   28.5   1.77   0.67   0.2   
   1   2004   335   16044   17.7   27.9   1.65   0.55   2
   1   2004   336   21910   18   28.69   1.13   0.52   0
   1   2004   337   13283   19.3   26.67   1.93   0.42   2
   1   2004   338   13586   18.8   26.76   1.44   0.64   15
   1   2004   339   13414   19.5   27.2   1.35   0.6   0
   1   2004   340   18750   18.5   27.59   1.31   0.65   0.1
   1   2004   341   15883   18.9   27.67   1.18   0.24   0.1
   1   2004   342   6757   19.5   25.67   1.68   0.5   32.3
   1   2004   343   9641   17.7   25.18   1.66   0.46   6.7
   1   2004   344   15666   19   26.16   1.43   0.58   0
   1   2004   345   16005   19.2   27.35   1.16   0.38   5.7
   1   2004   346   14305   19.5   28.4   1.36   0.4   1.5
   1   2004   347   22534   19   29.34   1.48   0.54   0.1
   1   2004   348   15427   19.3   27.12   1.33   0.57   0
   1   2004   349   19747   19   29.27   1.18   0.43   0.1
   1   2004   350   17768   19.8   29.61   1.66   0.47   0
   1   2004   351   11411   17.5   26.53   1.87   0.52   2.6
   1   2004   352   15317   18.7   26.31   1.55   0.49   0.2
   1   2004   353   13450   18.4   26.65   1.54   0.44   10.5
   1   2004   354   21284   18.2   29.35   1.10   0.54   0.1
   1   2004   355   17673   19   29.62   1.85   0.49   0
   1   2004   356   9004   17.8   24.1   1.52   0.8   7.4
   1   2004   357   13489   17.6   26.9   1.62   0.49   1.6
   1   2004   358   10341   18.3   25.38   1.59   0.67   0.4
   1   2004   359   16682   18.3   27.81   1.62   0.79   8.8
   1   2004   360   15889   18   26.98   1.42   0.43   1.3
   1   2004   361   18605   18.5   28.52   1.60   0.5   0.8
   1   2004   362   20771   18.7   29.16   1.65   0.72   4
   1   2004   363   20125   19.4   29.59   1.68   0.71   0
   1   2004   364   8559   19.4   25.84   1.84   0.36   0
   1   2004   365   12014   18.3   27.22   1.30   0.38   0.2
   1   2004   366   17211   19   27.88   1.65   0.63   0
