*.....................................................................*
*File name = UGA1.005
*CREATED BY: Nyombi Kenneth
*Source: Kawanda meteorological station
* Longitude:  32 31 E, latitude: 0 25 N, altitude: 1190 m."
*Column:        Daily value:                 dimension:
*
* 1    station number
* 2    year
* 3    day
* 4    RDD    Total daily global radiation   KJ/(m**2 d)
* 5   TMMN   minimum air temperature        degree C
* 6    TMMX   maximum air temperature        degree C
* 7     VP     Vapour pressure at 9 a.m.      kPa
* 8    WN     Average wind speed             m/s
* 9    RAIN   Total daily rainfall           mm/d
*....................................................................*
  32.31  0.25   1190  0.00   0.00                        
  1   2005   1   14008   12.5   27.62   1.82   0.56   0      
  1   2005   2   20726   10.57   29.97   1.70   0.56   0.2      
  1   2005   3   21075   11.39   30.34   1.62   0.69   0      
  1   2005   4   19694   12.91   29.57   2.01   0.65   0      
  1   2005   5   16418   13.98   30.23   2.20   0.34   0      
  1   2005   6   20744   10.88   30.82   1.81   0.63   0      
  1   2005   7   13047   12.12   27.2   1.70   0.46   0      
  1   2005   8   9422   14.64   25.34   2.02   0.32   0      
  1   2005   9   18936   14.16   30.16   1.91   0.73   0      
  1   2005   10   18049   14.97   28.79   2.10   0.71   0      
  1   2005   11   14121   16.31   28.27   2.12   0.64   0      
  1   2005   12   17397   17.61   30.03   2.42   0.8   0      
  1   2005   13   15854   15.68   28.79   2.15   0.7   0      
  1   2005   14   5899   16.6   24.83   2.21   0.4   0.5      
  1   2005   15   8103   10.89   26.03   1.61   0.42   6.5      
  1   2005   16   11800   18.2   27.54   2.28   0.56   0.1      
  1   2005   17   17175   19   29.81   2.32   0.65   0.2      
  1   2005   18   22714   18.6   33.44   2.15   0.92   2      
  1   2005   19   14810   19.2   29.56   2.62   0.67   0.8      
  1   2005   20   18850   18.33   30.36   2.20   0.73   2.3      
  1   2005   21   23411   17.29   31.1   2.24   0.72   0      
  1   2005   22   24843   14.3   33.2   2.02   0.79   0      
  1   2005   23   20241   11.29   30.28   1.56   0.75   0      
  1   2005   24   14066   19.01   29.47   2.38   0.7   0.9      
  1   2005   25   14125   18.96   28.63   2.61   0.54   0.1      
  1   2005   26   12462   15.17   25.58   2.08   0.76   0      
  1   2005   27   24518   10.72   31.92   1.71   0.81   0      
  1   2005   28   12661   18.2   26.92   2.20   0.85   3.5      
  1   2005   29   18823   18.6   26.17   2.36   1.13   19.8      
  1   2005   30   19203   17.8   30.2   2.32   0.57   0      
  1   2005   31   19728   20   31.17   2.56   0.52   0      
  1   2005   32   9819   20   27.7   2.62   0.92   0      
  1   2005   33   19555   14   29.5   1.92   0.48   0      
  1   2005   34   14982   19.6   27.3   2.42   0.84   0.7      
  1   2005   35   20323   18.9   30   2.39   0.72   0      
  1   2005   36   23095   19.8   30.7   2.62   0.87   0.1      
  1   2005   37   17480   17   30.6   2.31   0.75   0.8      
  1   2005   38   15220   11.8   28.5   1.78   0.68   0.1      
  1   2005   39   20466   14.7   30.7   1.92   0.75   0      
  1   2005   40   19747   17.9   27.1   2.21   1.3   0      
  1   2005   41   24735   13.2   30.7   1.83   0.9   0      
  1   2005   42   25889   12.2   32.8   1.90   0.98   0.1      
  1   2005   43   23632   14.6   32.7   2.01   1.07   0      
  1   2005   44   22899   13.2   32.1   1.84   1.02   0      
  1   2005   45   17054   17   30.9   2.42   0.67   0      
  1   2005   46   21382   17.5   32.1   2.36   1.04   0      
  1   2005   47   23765   15.6   31.8   2.18   1   0      
  1   2005   48   23909   16.7   33.4   2.42   1.02   0      
  1   2005   49   22818   13.7   33.2   1.91   0.92   0      
  1   2005   50   25140   14.2   33.1   1.84   0.91   0      
  1   2005   51   25552   15.6   32.6   2.11   1.18   0      
  1   2005   52   25500   14.4   35.6   1.90   0.82   0.1      
  1   2005   53   25707   13.7   35.7   2.08   0.93   0      
  1   2005   54   22339   14.5   33.8   2.08   0.93   0      
  1   2005   55   22621   18.1   32.8   2.28   1.18   0      
  1   2005   56   22615   18   35.5   2.52   0.75   0      
  1   2005   57   15769   18.1   31.2   2.36   1.77   27.5      
  1   2005   58   13734   17.9   29   2.50   0.97   10.5      
  1   2005   59   10654   15.7   27.8   2.18   1.16   0      
  1   2005   60   22389   12.99   29.2   1.80   0.8   0      
  1   2005   61   15858   19.26   29.92   2.43   0.92   2.4      
  1   2005   62   18919   19.23   28.27   2.56   1.19   2.2      
  1   2005   63   19165   14.17   29.13   1.91   0.91   1.1      
  1   2005   64   23124   16.62   29.81   2.15   1.13   0      
  1   2005   65   22368   20.56   29.58   2.61   1.13   0      
  1   2005   66   14698   18.01   29.6   2.21   0.82   0      
  1   2005   67   13858   19.3   30.03   2.43   0.27   29.1      
  1   2005   68   20819   17.57   29.81   2.10   0.85   2.8      
  1   2005   69   21541   15.26   30.68   1.92   0.85   0      
  1   2005   70   13908   10.18   27.26   1.63   0.86   0.2      
  1   2005   71   19715   10.71   26.68   1.74   1.22   0.1      
  1   2005   72   19948   12.61   28.64   1.70   1.15   0      
  1   2005   73   16987   15.06   28.07   2.08   1.69   3.5      
  1   2005   74   12481   15.29   27.51   2.21   1.4   4.8      
  1   2005   75   18871   12.44   28.68   1.74   1.31   0.1      
  1   2005   76   11236   16.53   26.91   2.24   0.94   1.1      
  1   2005   77   13721   14.98   26.21   2.12   1.2   0.4      
  1   2005   78   17929   13.29   26.72   1.71   1.06   9      
  1   2005   79   20866   13.79   27.58   2.01   1.2   3.6      
  1   2005   80   21428   14.86   27.36   1.91   1.46   10.1      
  1   2005   81   23604   13.82   27.21   1.89   1.24   0.5      
  1   2005   82   21574   15.48   28.69   2.02   1.55   0      
  1   2005   83   19991   14.76   27.94   1.96   1.24   0      
  1   2005   84   20600   14.83   28.93   2.10   1.38   0.1      
  1   2005   85   15255   15.47   27.1   2.08   1.73   0.4      
  1   2005   86   16465   13.75   26.28   1.95   1.59   0.8      
  1   2005   87   19836   13.16   28.9   1.85   1.33   0      
  1   2005   88   22589   14.97   28.22   2.21   1.85   1.9      
  1   2005   89   21273   14.18   28.39   1.86   1.44   1.4      
  1   2005   90   20510   14.72   28.91   2.18   1.11   0.1      
  1   2005   91   21474   19.8   30   2.63   1.02   0.2      
  1   2005   92   8609   17.8   25.5   2.41   0.72   0.1      
  1   2005   93   15416   20.2   28.4   2.57   0.84   7.9      
  1   2005   94   17665   19.2   29.2   2.05   1.43   0.1      
  1   2005   95   17502   17.9   28.3   2.36   0.97   0.2      
  1   2005   96   19574   17.9   27.6   2.17   1.62   0.7      
  1   2005   97   14886   17.1   28   2.14   0.7   2.3      
  1   2005   98   12845   19.2   27.2   2.37   0.79   0.1      
  1   2005   99   20048   17.8   26.7   2.14   1.41   8.7      
  1   2005   100   18787   18.2   28.9   2.56   0.62   0      
  1   2005   101   14583   18.4   29   2.25   0.61   2.1      
  1   2005   102   19256   16.8   27.7   2.33   0.95   20.9      
  1   2005   103   19283   18.1   27.9   2.33   0.91   1.3      
  1   2005   104   9190   18.1   26.8   2.42   0.43   2.3      
  1   2005   105   14859   19.5   28.5   2.63   0.65   0.2      
  1   2005   106   16314   19.4   28.1   2.45   0.9   0      
  1   2005   107   16753   17.7   28.3   2.55   0.65   3.1      
  1   2005   108   15334   18   28.1   2.45   0.73   7.5      
  1   2005   109   13045   18.9   26.7   2.34   0.63   0.2      
  1   2005   110   18373   17.6   28   2.33   0.64   36.8      
  1   2005   111   15129   16.6   28.4   2.45   0.47   0.5      
  1   2005   112   19972   19.5   29.4   2.39   0.68   0      
  1   2005   113   14751   18.9   27.9   2.32   0.76   0.2      
  1   2005   114   16388   17.9   28.3   2.33   0.39   0      
  1   2005   115   10813   18.6   27.5   2.63   0.37   4.2      
  1   2005   116   18794   18.4   30   2.45   0.2   0      
  1   2005   117   14731   19.2   27.2   2.25   0.4   0      
  1   2005   118   1620   17.5   21.9   2.31   0.31   56.7      
  1   2005   119   8969   11.1   23.6   2.16   0.52   0.1      
  1   2005   120   16882   16.2   27   2.38   0.67   0      
  1   2005   121   15618   17.25   27.49   2.44   0.69   0.1      
  1   2005   122   12032   17.19   24.09   2.07   1.05   13.1      
  1   2005   123   12118   17.9   24.36   2.80   0.6   1.5      
  1   2005   124   19626   17.75   28.28   2.30   0.27   0.1      
  1   2005   125   8938   17.62   25.52   2.28   0.29   3.3      
  1   2005   126   16919   17.4   27.18   2.27   0.21   0      
  1   2005   127   16025   16.78   27.63   2.25   0.21   0      
  1   2005   128   13122   16.29   25.64   1.98   0.32   32.7      
  1   2005   129   18209   15.4   27.51   2.19   0.39   0.1      
  1   2005   130   10612   16.92   25.67   2.43   0.39   1.9      
  1   2005   131   14885   17.88   27.58   2.34   0.66   2.9      
  1   2005   132   17430   17.88   25.81   2.39   1.18   4.4      
  1   2005   133   9134   16.25   25.74   2.41   0.21   0.6      
  1   2005   134   18605   16.76   27.7   2.42   0.47   0.1      
  1   2005   135   11702   17.28   27.01   2.25   0.18   7.1      
  1   2005   136   13078   18.25   27.26   2.48   0.45   0.9      
  1   2005   137   16759   18.9   26.94   2.46   0.65   0      
  1   2005   138   17504   18.11   28.28   2.45   0.63   3.1      
  1   2005   139   19677   17.99   28.94   2.35   0.67   0      
  1   2005   140   6766   17.47   27.66   2.57   0.62   0      
  1   2005   141   6293   16.86   24.52   2.40   0.61   60.5      
  1   2005   142   7041   9.06   22.54   2.20   0.49   0.3      
  1   2005   143   12540   16.88   26.48   2.12   0.57   6.4      
  1   2005   144   12540   16.82   26.24   2.13   0.61   0.8      
  1   2005   145   12989   16.74   25.66   2.20   0.52   6.6      
  1   2005   146   7328   15.97   23.88   2.29   0.27   20.8      
  1   2005   147   11904   13.25   26.34   2.30   0.35   0.1      
  1   2005   148   9358   17.61   24.02   2.23   0.83   3      
  1   2005   149   15587   17.09   26.4   2.15   0.72   0      
  1   2005   150   14854   16.05   25.62   2.08   0.48   4.2      
  1   2005   151   13033   17.06   26.28   2.24   0.37   0.2      
  1   2005   152   15555   15.4   28.1   2.40   0.34   0.9      
  1   2005   153   15945   17   27.7   2.51   0.71   0.1      
  1   2005   154   14263   15.6   27.9   2.33   0.25   1.2      
  1   2005   155   18538   13.4   28.9   2.38   0.22   0.1      
  1   2005   156   13389   16.8   27.4   2.48   0.64   0      
  1   2005   157   18593   16.9   27.8   2.54   0.81   0.2      
  1   2005   158   11568   16.2   27.1   2.42   0.74   0      
  1   2005   159   17814   16.5   26.2   2.29   1.02   12.4      
  1   2005   160   11330   16.6   26.6   2.18   0.24   0      
  1   2005   161   12745   16.2   26.6   2.23   0.41   0      
  1   2005   162   14810   13.6   27.6   2.26   0.41   0      
  1   2005   163   20006   16.8   27.2   2.36   0.84   0      
  1   2005   164   20275   14.7   29.1   2.16   0.76   0      
  1   2005   165   19073   14.6   28.2   2.30   0.66   0      
  1   2005   166   16295   17.2   27.5   2.03   0.53   0.2      
  1   2005   167   19704   16.2   28.5   2.32   0.78   0      
  1   2005   168   11581   17.2   26.6   2.16   0.37   0      
  1   2005   169   5574   17   23.7   2.11   0.31   0.2      
  1   2005   170   8659   14   26   2.19   0.21   20      
  1   2005   171   13583   18.2   24.6   2.36   0.3   0.3      
  1   2005   172   11589   14.8   25.3   2.37   0.35   0      
  1   2005   173   10030   15   25   2.23   0.55   0.1      
  1   2005   174   8534   17.1   25   2.15   0.6   0      
  1   2005   175   15989   17.2   25.6   2.24   0.89   0.4      
  1   2005   176   13671   16.2   26.4   2.17   0.6   0      
  1   2005   177   7771   14.7   26   2.36   0.21   0.2      
  1   2005   178   14776   14.4   27.3   2.28   0.85   0      
  1   2005   179   14269   16.6   26.6   2.28   0.89   0      
  1   2005   180   13477   17   25.7   2.04   0.7   0      
  1   2005   181   10161   17.1   25.6   2.22   0.37   0.1      
  1   2005   182   16194   16.33   26.65   2.14   0.61   0      
  1   2005   183   13198   16.03   26.33   2.38   0.53   20      
  1   2005   184   8835   15.01   25.67   2.22   0.41   0      
  1   2005   185   14588   14.44   24.77   2.25   0.79   3.5      
  1   2005   186   15406   15.16   27.02   2.17   0.88   0      
  1   2005   187   18241   14.54   27.14   2.03   0.51   0      
  1   2005   188   17647   14.37   26.36   2.11   0.56   0      
  1   2005   189   17157   13.7   25.94   2.05   0.91   0      
  1   2005   190   16521   15.94   24.65   2.09   1.06   0.1      
  1   2005   191   16651   16.17   26.39   2.01   0.57   0.1      
  1   2005   192   14165   16.27   24.61   1.98   0.78   3.5      
  1   2005   193   16430   14.67   25.84   2.06   0.95   0      
  1   2005   194   20683   12.84   26.13   1.73   1.14   0      
  1   2005   195   18103   11.99   28.35   1.78   0.44   0      
  1   2005   196   18548   13.11   27.41   2.18   0.89   0.1      
  1   2005   197   19000   14.77   27.64   2.12   1.19   0      
  1   2005   198   16060   15.07   27.34   1.87   0.58   0      
  1   2005   199   12034   16.4   27.19   1.98   0.99   0      
  1   2005   200   7063   15.79   22.79   2.06   0.4   0      
  1   2005   201   11799   13.24   27.16   2.00   0.45   0      
  1   2005   202   16613   12.27   28.61   2.17   0.63   0.1      
  1   2005   203   16337   13.19   28.26   2.25   0.66   0      
  1   2005   204   4541   16.01   23.16   2.18   0.48   0.1      
  1   2005   205   15828   14.23   27.3   2.14   1.02   0      
  1   2005   206   16431   17.05   27.97   2.22   0.97   0      
  1   2005   207   14309   13.99   27.98   2.23   0.7   0      
  1   2005   208   10582   16.27   28.1   1.97   0.37   20.3      
  1   2005   209   5659   15.07   23.94   2.11   0.2   3.1      
  1   2005   210   11418   17.7   26.24   2.19   0.37   8.3      
  1   2005   211   13966   17.7   25.06   2.21   0.66   0      
  1   2005   212   13033   17.06   26.28   2.10   0.37   0.3      
  1   2005   213   14694   18   26.5   2.26   0.5   0      
  1   2005   214   7400   19   27   2.29   0.32   0.7      
  1   2005   215   10406   18.09   22.61   2.23   0.01   0.1      
  1   2005   216   10526   15.6   25.25   2.17   0.2   0      
  1   2005   217   13563   14.04   26.69   2.20   0.54   0      
  1   2005   218   9604   16.61   25.52   2.23   0.45   0      
  1   2005   219   10836   15.37   25.1   2.22   0.52   0.1      
  1   2005   220   10985   15.37   25.96   2.23   0.45   0.1      
  1   2005   221   19427   13.96   28.75   2.23   0.34   0.1      
  1   2005   222   12133   15.48   27.58   2.15   0.76   0.9      
  1   2005   223   14771   16.33   27.56   2.20   0.43   0      
  1   2005   224   8778   15.7   25.75   2.44   0.39   1.9      
  1   2005   225   7413   16.67   25.45   2.09   0.61   0      
  1   2005   226   14704   15.28   28.32   2.08   0.3   2      
  1   2005   227   10815   15.98   26.43   2.05   0.7   1      
  1   2005   228   14784   15.35   26.74   2.08   0.68   0      
  1   2005   229   12054   15.87   26.56   2.13   0.99   1.6      
  1   2005   230   16236   15.01   26.63   1.90   1.01   4.5      
  1   2005   231   17543   17.45   28.44   2.17   0.69   0.2      
  1   2005   232   6555   16.33   23.35   2.12   0.47   13.9      
  1   2005   233   9851   13.64   25.92   2.11   0.37   4.4      
  1   2005   234   19777   14.8   27.97   2.19   0.41   0.1      
  1   2005   235   11083   16.87   26.24   2.25   0.61   1.7      
  1   2005   236   18971   15.76   28.55   2.11   0.72   0.1      
  1   2005   237   15101   16.37   28.13   2.19   0.51   0      
  1   2005   238   15390   16.91   26.47   2.17   0.8   0.8      
  1   2005   239   13442   16.21   25.55   2.02   0.76   1      
  1   2005   240   10247   15.32   26.57   2.15   0.53   0      
  1   2005   241   14729   15.04   25.68   2.15   0.93   0      
  1   2005   242   17938   14.89   25.54   1.73   1.33   0      
  1   2005   243   19617   13.26   26.18   1.90   1.36   0      
  1   2005   244   16734   14.6   28.6   2.23   0.54   0      
  1   2005   245   16505   15.4   28.6   2.03   0.46   11.9      
  1   2005   246   19095   15   28.9   2.26   0.54   0      
  1   2005   247   10852   16.4   27.4   2.13   0.49   0      
  1   2005   248   18056   14.5   28.7   2.11   0.84   18.4      
  1   2005   249   18453   15.1   28   2.09   0.43   0.1      
  1   2005   250   12909   15.6   28   2.27   0.4   0      
  1   2005   251   2327   16.8   22.2   2.26   0.35   6.2      
  1   2005   252   14520   16.5   26.3   2.09   1.47   0.8      
  1   2005   253   11889   17.3   27.2   2.26   0.73   3.3      
  1   2005   254   14403   17.3   25.8   2.13   0.88   0.1      
  1   2005   255   8985   17   24.5   2.22   0.55   0.3      
  1   2005   256   13489   16.9   27.3   2.22   0.55   0      
  1   2005   257   11945   17.7   26.1   2.24   0.52   0      
  1   2005   258   13102   17   26.8   2.25   0.77   0      
  1   2005   259   10187   16.8   26.3   2.26   0.55   25.5      
  1   2005   260   11879   16.5   26.2   2.11   0.52   2.8      
  1   2005   261   18210   17   27.9   2.23   0.38   0      
  1   2005   262   7589   17.9   25.4   2.41   0.32   6.6      
  1   2005   263   12038   15.9   27.6   2.42   0.34   0.1      
  1   2005   264   7012   17.4   24.5   2.39   0.39   5.1      
  1   2005   265   17643   15.4   27.7   2.25   0.39   0.1      
  1   2005   266   7635   15.9   26.8   2.42   0.17   16.6      
  1   2005   267   19504   15.4   29.2   2.26   0.28   0      
  1   2005   268   11081   16.2   27.7   2.28   0.44   0      
  1   2005   269   14052   15.2   28.9   2.32   0.39   0.1      
  1   2005   270   18744   15.5   29.9   2.08   0.22   0      
  1   2005   271   18356   14.6   28.9   2.16   0.26   0      
  1   2005   272   17552   16.6   30.1   2.17   0.39   0.1      
  1   2005   273   13490   18.4   29   2.05   0.52   0      
  1   2005   274   16738   16.04   28.27   2.08   0.61   16.6      
  1   2005   275   17898   16.58   28.84   1.94   0.46   1.1      
  1   2005   276   15313   16.37   28.34   2.24   0.38   0      
  1   2005   277   18230   15.37   28.77   2.17   0.37   0.1      
  1   2005   278   13224   16.39   28.32   2.26   0.62   0      
  1   2005   279   6709   16.89   25.32   2.22   0.68   26.5      
  1   2005   280   15046   16.23   27.87   2.01   0.37   0.1      
  1   2005   281   16428   16.14   27.47   1.94   0.51   0.9      
  1   2005   282   13448   16.53   27.66   2.03   0.31   3.5      
  1   2005   283   7079   16.14   26.71   2.27   0.3   0.4      
  1   2005   284   10101   15.76   27.65   2.16   0.38   0      
  1   2005   285   8027   15.69   25.83   2.20   0.32   52      
  1   2005   286   10851   15.85   27.39   2.13   0.22   42.3      
  1   2005   287   10218   9.79   26.13   2.05   0.29   10.5      
  1   2005   288   14411   16.64   26.16   2.14   0.37   5.6      
  1   2005   289   18443   14.87   26.75   2.16   0.67   0.1      
  1   2005   290   11278   16.95   26.37   2.40   0.53   0      
  1   2005   291   11644   17.08   26.88   2.07   0.36   0.3      
  1   2005   292   18717   17.81   27.77   2.15   0.65   2.5      
  1   2005   293   7393   16.29   26.12   2.28   0.28   0.1      
  1   2005   294   14946   16.45   27.65   2.08   0.26   0      
  1   2005   295   7833   17.34   25.54   2.30   0.32   5.3      
  1   2005   296   13865   17.27   26.47   2.22   0.49   3.2      
  1   2005   297   13258   17.42   27.09   2.27   0.39   2.1      
  1   2005   298   8740   16.37   25.97   2.09   0.31   24.2      
  1   2005   299   8103   16.76   26.21   2.23   0.22   14.4      
  1   2005   300   15132   16.9   26.91   2.26   0.91   6      
  1   2005   301   13449   17.9   27.28   2.27   0.19   2.4      
  1   2005   302   13690   16.98   27.51   2.16   0.75   1.7      
  1   2005   303   13555   16.2   27.51   2.18   0.22   0      
  1   2005   304   13616   15.91   27.59   2.34   0.29   0      
  1   2005   305   12500   17   17.7   2.22   0.84   0      
  1   2005   306   13554   17   28.3   2.15   0.76   0      
  1   2005   307   13000   17.4   28.4   2.24   0.85   0      
  1   2005   308   10400   18   27.6   2.19   0.69   2.4      
  1   2005   309   13074   17.1   23.9   2.04   1.43   39.4      
  1   2005   310   14600   17.4   27.3   2.11   0.4   0.1      
  1   2005   311   8402   17.8   27   2.37   0.5   10.8      
  1   2005   312   11050   18.4   27.6   2.36   0.45   0      
  1   2005   313   11500   17.3   28.5   2.19   0.54   0      
  1   2005   314   12830   17.3   28.6   2.23   0.71   0      
  1   2005   315   18220   16.9   28.1   2.22   0.52   0      
  1   2005   316   9174   18.7   27.3   2.15   0.55   0.3      
  1   2005   317   11450   18.6   27.1   2.30   0.54   1      
  1   2005   318   9900   18.6   29   2.35   0.57   0      
  1   2005   319   14500   18.2   28.1   2.25   0.36   1      
  1   2005   320   15480   18.8   29.3   2.41   0.45   0      
  1   2005   321   12990   20.2   29.3   2.21   0.71   0      
  1   2005   322   18436   18   29   2.29   0.58   0      
  1   2005   323   15148   18   27.8   2.23   0.64   0.1      
  1   2005   324   12806   17.8   28.8   2.20   0.88   0      
  1   2005   325   16950   17.9   29.2   1.98   0.58   0      
  1   2005   326   15002   16.7   28.6   2.22   0.61   9.8      
  1   2005   327   13647   18.8   27.1   2.29   0.61   1.6      
  1   2005   328   12780   17   28.4   2.07   0.9   0      
  1   2005   329   15600   17.7   29   2.24   0.68   0      
  1   2005   330   16184   19.4   29   1.67   1.08   0      
  1   2005   331   17806   18.4   29.6   2.19   1.01   0      
  1   2005   332   15000   16.9   28.3   1.99   0.82   7.5      
  1   2005   333   13908   16.1   27.7   2.02   0.73   2.4      
  1   2005   334   16056   17.6   27.8   1.85   0.68   0      
  1   2005   335   12750   17.84   28.37   2.36   0.65   0      
  1   2005   336   15900   18   27.99   2.28   0.6   0      
  1   2005   337   10760   17.94   26.36   2.16   0.37   0      
  1   2005   338   10555   17.66   27.08   2.31   0.55   1.4      
  1   2005   339   8204   17.98   27.45   2.28   0.73   1.1      
  1   2005   340   11350   16.92   27.46   2.31   0.55   0      
  1   2005   341   9820   17.98   27.16   2.16   0.52   0      
  1   2005   342   9890   16.61   28.72   2.38   1.4   0      
  1   2005   343   17200   17.63   30.6   1.90   0.87   0      
  1   2005   344   16505   18.95   29.23   2.03   0.63   0      
  1   2005   345   11348   18.59   29.26   2.30   1   0      
  1   2005   346   15386   16.91   29   2.36   0.76   0      
  1   2005   347   14904   16.99   30.26   2.09   0.78   0      
  1   2005   348   17800   16.66   27   2.02   0.92   0      
  1   2005   349   14890   14.75   30.88   2.33   1.31   0.2      
  1   2005   350   17432   15.4   31.49   1.60   1.08   0      
  1   2005   351   15508   18.11   31.7   1.49   1.18   0      
  1   2005   352   18100   17.93   31.42   1.72   0.77   0      
  1   2005   353   19202   15.58   31.22   1.73   0.72   0      
  1   2005   354   15510   16.13   31.56   1.93   0.79   0      
  1   2005   355   15900   16.71   33.19   1.55   1.03   0      
  1   2005   356   16306   17.79   28.51   1.72   0.54   0      
  1   2005   357   8904   17.43   31.21   1.64   0.94   0.1      
  1   2005   358   17004   15.18   31.8   1.58   0.76   0      
  1   2005   359   16950   15.28   32.28   1.31   1.08   0      
  1   2005   360   16974   16.28   30.1   1.95   1.1   0      
  1   2005   361   13905   16.83   29.71   2.01   0.54   0      
  1   2005   362   13074   17.42   26.73   2.00   0.58   0.2      
  1   2005   363   17000   15.9   31.42   1.61   1.24   0.1      
  1   2005   364   15800   16.54   30.64   1.12   1.18   0      
  1   2005   365   17203   18.25   32.79   1.41   0.94   0
