*.....................................................................*
*File name = UGA2.006
*CREATED BY: Nyombi Kenneth
*Source: Ntungamo meteorological station
* Longitude:  30 14 E, latitude: 0 54 S, altitude: 1405 m.
*Column:        Daily value:                 dimension:
* 1    station number
* 2    year
* 3    day
* 4    RDD    Total daily global radiation   KJ/(m**2 d)
* 5   TMMN   minimum air temperature        degree C
* 6    TMMX   maximum air temperature        degree C
* 7     VP     Vapour pressure at 9 a.m.      kPa
* 8    WN     Average wind speed             m/s
* 9    RAIN   Total daily rainfall           mm/d
*....................................................................*
  30.14  0.54   1405  0.00   0.00
  1   2006   1   15500   13.50   27.20   1.91   1.52   0.00               
  1   2006   2   12440   13.80   26.00   1.82   1.36   0.00               
  1   2006   3   16210   14.90   27.50   2.11   1.6   3.70               
  1   2006   4   20400   13.30   28.90   1.67   0.84   0.00               
  1   2006   5   11330   12.40   26.30   1.63   0.98   0.00               
  1   2006   6   8220   13.20   25.90   1.88   1.16   7.70               
  1   2006   7   17808   14.40   27.90   2.08   1.3   0.00               
  1   2006   8   20440   11.50   29.60   2.22   1.33   0.00               
  1   2006   9   17420   12.90   28.40   2.01   1.59   0.00               
  1   2006   10   10040   13.10   25.40   1.90   1.73   0.20               
  1   2006   11   11310   11.10   25.90   1.62   1.92   6.30               
  1   2006   12   4550   12.60   21.20   1.71   0.18   35.70               
  1   2006   13   5310   10.60   21.40   1.54   0.2   5.80               
  1   2006   14   10510   12.30   25.50   1.78   0.31   6.50               
  1   2006   15   14220   13.30   26.90   1.65   0.21   11.60               
  1   2006   16   15110   14.30   27.30   1.98   0.42   0.00               
  1   2006   17   16222   12.40   28.40   1.82   0.96   0.00               
  1   2006   18   9820   13.40   25.50   1.63   0.44   5.90               
  1   2006   19   12370   12.70   26.30   1.55   0.95   10.30               
  1   2006   20   10250   9.90   25.60   1.42   1.2   4.60               
  1   2006   21   16550   14.30   27.60   2.08   1.31   7.40               
  1   2006   22   21050   14.20   29.90   2.11   1.32   0.00               
  1   2006   23   13850   13.50   26.70   1.92   1.45   0.00               
  1   2006   24   17260   12.90   28.80   1.77   1.61   0.00               
  1   2006   25   12692   11.60   26.40   1.55   1.82   0.00               
  1   2006   26   16945   12.90   27.70   1.72   0.15   0.00               
  1   2006   27   20450   11.90   29.90   1.58   1.83   0.00               
  1   2006   28   21030   15.40   30.40   2.21   0.2   0.00               
  1   2006   29   17982   16.60   28.80   2.08   0.25   0.00               
  1   2006   30   18960   17.70   30.40   2.11   0.56   0.00               
  1   2006   31   20410   12.70   29.10   1.83   0.71   0.00               
  1   2006   32   19200   13.20   29.30   1.80   0.69   5.70               
  1   2006   33   17310   13.30   28.40   1.72   0.98   0.00               
  1   2006   34   9212   12.90   23.60   1.53   1.12   0.00               
  1   2006   35   17500   13.10   28.40   1.93   1.31   0.00               
  1   2006   36   14050   12.70   27.20   1.72   1.6   0.00               
  1   2006   37   20100   13.10   30.10   1.95   1.63   0.00               
  1   2006   38   21320   9.10   30.20   1.48   1.78   0.00               
  1   2006   39   20090   13.30   29.90   1.88   1.98   0.00               
  1   2006   40   15520   15.50   27.80   2.08   0.15   0.00               
  1   2006   41   14630   13.20   27.70   1.93   0.5   0.00               
  1   2006   42   14215   12.90   28.50   1.78   0.91   0.00               
  1   2006   43   13620   13.20   26.50   1.84   1.33   0.00               
  1   2006   44   21130   12.40   29.90   1.70   0.74   0.00               
  1   2006   45   4530   12.80   21.70   1.58   0.91   4.50               
  1   2006   46   14540   12.60   29.40   1.81   1.34   0.00               
  1   2006   47   18530   14.20   30.40   2.10   1.4   0.00               
  1   2006   48   16482   11.50   29.10   1.61   1.31   0.00               
  1   2006   49   8950   13.60   25.90   1.92   1.58   19.30               
  1   2006   50   7850   14.30   25.80   2.01   1.79   30.50               
  1   2006   51   13240   10.60   26.70   1.58   1.71   0.00               
  1   2006   52   12410   14.50   26.50   1.95   1.8   1.40               
  1   2006   53   17410   10.40   27.70   1.52   1.97   2.50               
  1   2006   54   10930   13.40   25.50   1.92   0.2   0.00               
  1   2006   55   13240   12.40   25.10   1.78   0.32   0.00               
  1   2006   56   15970   12.90   26.80   1.68   0.54   6.80               
  1   2006   57   12400   13.10   25.70   1.90   0.73   0.00               
  1   2006   58   15230   14.10   26.70   1.95   0.92   0.00               
  1   2006   59   14080   13.40   25.10   1.77   0.81   2.70               
  1   2006   60   13410   12.60   26.40   1.62   1.05   5.10               
  1   2006   61   16550   13.10   27.30   1.56   1.34   29.40               
  1   2006   62   15662   12.80   26.40   1.68   1.76   0.00               
  1   2006   63   6954   12.90   25.50   1.62   1.92   0.00               
  1   2006   64   15110   13.10   26.90   1.87   0.13   0.00               
  1   2006   65   18420   10.90   27.70   1.54   0.36   0.00               
  1   2006   66   14080   13.20   25.70   1.90   0.6   0.00               
  1   2006   67   19500   12.80   27.80   1.68   0.82   0.00               
  1   2006   68   17542   10.50   26.90   1.55   1.08   0.00               
  1   2006   69   20054   9.90   29.50   1.48   1.29   0.00               
  1   2006   70   18360   13.60   28.70   1.95   1.46   0.00               
  1   2006   71   15140   14.60   27.50   2.10   1.44   0.00               
  1   2006   72   18202   12.50   27.70   1.88   1.1   0.00               
  1   2006   73   14004   9.40   26.50   1.54   1.22   1.10               
  1   2006   74   14020   10.50   26.30   1.69   1.37   0.00               
  1   2006   75   16230   14.70   25.80   1.84   1.4   0.00               
  1   2006   76   15920   13.40   26.90   1.79   1.78   0.00               
  1   2006   77   21360   12.90   29.50   1.92   1.81   0.00               
  1   2006   78   8840   10.80   25.40   1.48   0.23   0.00               
  1   2006   79   7530   9.20   26.20   1.52   0.15   0.00               
  1   2006   80   11060   12.80   25.60   1.65   0.37   6.40               
  1   2006   81   17430   12.90   27.40   1.80   0.58   0.00               
  1   2006   82   18792   9.50   29.50   1.56   0.63   0.00               
  1   2006   83   20130   10.40   30.60   1.64   1.05   0.00               
  1   2006   84   14110   12.50   26.70   1.74   1.28   5.60               
  1   2006   85   9420   14.50   25.50   1.48   1.67   10.70               
  1   2006   86   9542   12.90   29.90   1.60   1.26   20.60               
  1   2006   87   13550   11.90   28.50   1.49   1.47   17.10               
  1   2006   88   19120   11.20   28.90   1.65   1.51   4.30               
  1   2006   89   6900   12.20   28.40   1.82   1.63   78.00               
  1   2006   90   17420   12.40   27.70   1.78   1.74   0.00               
  1   2006   91   15110   13.10   26.50   2.10   1.81   2.50               
  1   2006   92   19542   10.80   27.70   1.56   0.15   10.20               
  1   2006   93   21080   9.50   28.40   1.68   0.25   0.00               
  1   2006   94   15020   13.50   28.40   2.12   0.43   0.00               
  1   2006   95   14010   13.10   25.90   1.92   0.7   0.00               
  1   2006   96   16030   13.20   26.20   1.86   0.68   0.00               
  1   2006   97   18420   13.40   28.50   1.52   0.83   6.30               
  1   2006   98   19468   12.90   28.50   1.50   1.11   13.40               
  1   2006   99   16482   13.30   26.70   2.10   1.52   0.00               
  1   2006   100   11230   11.40   25.90   1.74   1.21   2.40               
  1   2006   101   9840   12.90   26.70   1.68   1.32   21.30               
  1   2006   102   12640   10.60   25.50   1.62   1.45   0.00               
  1   2006   103   15708   13.10   26.70   2.00   1.91   0.00               
  1   2006   104   19420   12.80   27.90   1.89   1.96   0.00               
  1   2006   105   18740   9.80   29.90   1.75   0.2   0.00               
  1   2006   106   21100   11.70   28.90   1.69   0.22   0.00               
  1   2006   107   20890   12.90   27.70   1.89   0.41   0.00               
  1   2006   108   17458   11.90   27.70   1.78   0.42   0.00               
  1   2006   109   8560   12.40   25.20   2.11   0.41   4.10               
  1   2006   110   14950   13.60   26.70   2.18   0.71   0.00               
  1   2006   111   20330   14.40   27.70   2.13   0.84   0.00               
  1   2006   112   13660   13.10   26.70   2.02   1.05   1.50               
  1   2006   113   7740   12.90   25.60   1.89   1.35   2.70               
  1   2006   114   15060   13.40   26.50   1.98   1.41   0.00               
  1   2006   115   14040   10.90   26.40   1.48   1.43   9.50               
  1   2006   116   16430   12.80   27.20   1.69   1.61   0.00               
  1   2006   117   10950   15.62   25.17   1.88   1.82   0.79               
  1   2006   118   15930   13.70   25.95   1.99   1.72   0.00               
  1   2006   119   19110   14.09   26.34   1.93   1.46   0.00               
  1   2006   120   20110   14.35   27.52   2.04   1.66   0.00               
  1   2006   121   16800   14.47   26.34   2.10   1.3   9.60               
  1   2006   122   10370   16.00   23.63   1.90   0.73   17.80               
  1   2006   123   19010   15.62   25.56   2.07   1.25   0.00               
  1   2006   124   19780   15.62   27.91   2.07   0.85   17.40               
  1   2006   125   21610   15.62   28.70   2.16   0.84   0.19               
  1   2006   126   15040   14.09   26.73   2.16   1.01   0.00               
  1   2006   127   18460   14.47   25.95   2.01   1.12   0.00               
  1   2006   128   22060   13.70   27.91   1.98   1.13   0.00               
  1   2006   129   20360   16.76   28.31   2.19   1.04   0.00               
  1   2006   130   9230   15.23   24.40   2.05   0.73   22.80               
  1   2006   131   17050   15.23   26.34   2.15   0.92   0.00               
  1   2006   132   10010   16.76   25.56   2.11   0.44   41.00               
  1   2006   133   20050   15.23   26.73   2.05   0.72   0.19               
  1   2006   134   18120   16.00   26.73   2.02   0.66   50.60               
  1   2006   135   18410   16.38   26.73   2.01   0.34   31.80               
  1   2006   136   16190   15.23   24.79   2.00   0.86   18.00               
  1   2006   137   20590   15.23   27.52   2.02   0.44   0.00               
  1   2006   138   11370   16.38   24.79   2.01   0.41   10.40               
  1   2006   139   21420   13.70   26.73   2.10   0.17   0.19               
  1   2006   140   20550   14.85   28.31   2.07   0.59   0.00               
  1   2006   141   15000   14.09   26.73   1.91   0.57   2.19               
  1   2006   142   14970   15.23   24.79   2.07   0.74   0.19               
  1   2006   143   18660   12.93   27.12   1.87   0.93   0.19               
  1   2006   144   18170   11.77   26.73   1.87   1.15   0.00               
  1   2006   145   20840   10.21   25.95   1.73   1.35   0.00               
  1   2006   146   19230   12.16   26.34   1.89   1.24   0.00               
  1   2006   147   22010   13.70   27.52   1.99   1.13   0.00               
  1   2006   148   17850   12.93   27.12   1.94   1.03   0.00               
  1   2006   149   17690   12.55   26.34   1.93   1.12   5.40               
  1   2006   150   14540   12.16   24.79   1.99   1.2   0.19               
  1   2006   151   18750   13.70   26.73   1.93   1.14   0.00               
  1   2006   152   18780   12.93   26.34   1.93   1.31   0.00               
  1   2006   153   18320   12.55   27.12   1.74   1.12   0.00               
  1   2006   154   22150   10.60   27.52   1.66   0.95   0.00               
  1   2006   155   20590   10.60   27.12   1.75   1.38   0.00               
  1   2006   156   16290   14.47   25.95   1.83   1.73   0.00               
  1   2006   157   18510   12.16   27.12   1.78   1.15   0.00               
  1   2006   158   20980   10.60   27.52   1.69   0.88   0.00               
  1   2006   159   21270   10.60   27.91   1.69   0.96   0.00               
  1   2006   160   16570   11.38   27.52   1.75   1.22   0.19               
  1   2006   161   19460   10.99   27.91   1.83   1.42   0.00               
  1   2006   162   18940   11.38   26.73   1.82   1.51   0.00               
  1   2006   163   16560   10.99   27.12   1.68   1.23   0.00               
  1   2006   164   18740   11.38   26.73   1.82   1.08   0.00               
  1   2006   165   17020   10.60   27.52   1.64   0.77   0.00               
  1   2006   166   19980   10.21   28.70   1.65   1.29   0.00               
  1   2006   167   22830   9.42   27.91   1.59   1.61   0.00               
  1   2006   168   21080   9.42   27.52   1.55   1.34   0.00               
  1   2006   169   19870   10.60   26.73   1.53   1.22   0.00               
  1   2006   170   12250   10.99   25.17   1.73   1.02   0.00               
  1   2006   171   12800   12.16   25.56   1.83   1.19   6.00               
  1   2006   172   15690   9.82   25.56   1.73   0.99   0.00               
  1   2006   173   20940   9.03   27.91   1.64   0.74   0.00               
  1   2006   174   19890   10.99   28.31   1.75   0.86   0.00               
  1   2006   175   21610   9.82   28.70   1.60   1.12   0.00      
  1   2006   176   21390   9.42   29.10   1.48   1.11   0.00      
  1   2006   177   20170   10.21   28.70   1.54   0.96   0.00      
  1   2006   178   14470   13.32   26.73   1.71   1.09   0.00      
  1   2006   179   17190   12.55   27.52   1.73   0.96   0.00      
  1   2006   180   19140   10.21   28.31   1.50   0.86   0.00      
  1   2006   181   20180   10.21   29.50   1.56   1.15   0.00      
  1   2006   182   20050   12.55   28.70   1.75   1.26   0.00      
  1   2006   183   18790   11.77   28.70   1.82   1.24   0.00      
  1   2006   184   19710   10.21   29.50   1.58   0.93   0.00      
  1   2006   185   19550   10.21   29.90   1.57   0.81   0.00      
  1   2006   186   18420   10.60   29.50   1.58   0.87   0.00      
  1   2006   187   17280   11.38   29.10   1.64   0.82   0.00      
  1   2006   188   16940   10.21   28.70   1.54   0.69   0.00      
  1   2006   189   13110   13.32   28.31   1.67   1.09   0.00      
  1   2006   190   15990   12.16   26.73   1.62   1.38   0.00      
  1   2006   191   19740   14.85   28.31   1.67   1.37   0.00      
  1   2006   192   15990   10.60   27.12   1.52   1.43   0.00      
  1   2006   193   20490   13.32   28.31   1.58   1.62   0.00      
  1   2006   194   21910   11.38   28.70   1.52   1.56   0.00      
  1   2006   195   21600   9.82   29.10   1.61   1.26   0.00      
  1   2006   196   18730   10.60   29.10   1.48   1.08   0.00      
  1   2006   197   20260   10.21   28.70   1.59   1.38   0.00      
  1   2006   198   19640   12.16   29.50   1.53   1.5   0.00      
  1   2006   199   19370   13.32   27.91   1.76   1.53   0.00      
  1   2006   200   18420   12.93   30.31   1.70   1.13   0.00      
  1   2006   201   7870   17.14   26.34   1.95   0.95   0.00      
  1   2006   202   5530   16.00   21.71   1.98   0.47   3.80      
  1   2006   203   11070   14.09   27.52   1.90   0.59   4.20      
  1   2006   204   10620   16.00   25.95   2.05   0.55   4.40      
  1   2006   205   4340   14.85   19.04   1.78   0.26   32.20      
  1   2006   206   16810   13.32   26.73   1.65   0.85   0.00      
  1   2006   207   19480   12.16   28.31   1.81   0.97   0.00      
  1   2006   208   20370   12.55   27.52   1.81   1.23   0.00      
  1   2006   209   18660   13.70   25.95   1.59   1.65   0.00      
  1   2006   210   18510   12.16   26.73   1.75   1.52   0.00      
  1   2006   211   14360   15.23   26.34   1.76   1.19   0.00      
  1   2006   212   20080   12.93   27.91   1.91   0.92   1.20      
  1   2006   213   19650   16.00   28.70   1.94   0.72   0.20      
  1   2006   214   19070   13.32   28.31   1.91   0.8   0.00      
  1   2006   215   11060   15.62   24.40   1.90   0.85   0.99      
  1   2006   216   5540   14.47   22.86   1.88   0.44   0.20      
  1   2006   217   9860   15.62   24.79   1.94   0.47   20.00      
  1   2006   218   14800   14.85   25.17   1.91   0.78   1.20      
  1   2006   219   9450   16.38   24.40   1.99   0.49   15.00      
  1   2006   220   15440   15.62   25.95   1.91   0.86   0.20      
  1   2006   221   13820   14.85   25.95   1.89   0.94   0.00      
  1   2006   222   14550   15.62   25.95   1.99   1.42   0.00      
  1   2006   223   14320   12.16   26.34   1.80   1.14   0.00      
  1   2006   224   22140   11.38   28.31   1.83   1.04   0.00      
  1   2006   225   22020   10.99   28.70   1.89   1.02   0.00      
  1   2006   226   21440   9.03   28.70   1.58   0.98   0.20      
  1   2006   227   22430   9.42   28.70   1.54   0.78   0.00      
  1   2006   228   20940   14.09   29.10   1.60   0.85   0.00      
  1   2006   229   19290   14.09   29.50   1.89   0.82   0.00      
  1   2006   230   21180   11.77   28.31   1.86   1.37   0.00      
  1   2006   231   21040   9.03   29.10   1.55   1.01   0.00      
  1   2006   232   22510   9.03   29.90   1.48   0.82   0.00      
  1   2006   233   21960   9.42   29.90   1.59   1.08   0.00      
  1   2006   234   21370   8.23   29.90   1.40   0.79   0.00      
  1   2006   235   20890   10.21   30.31   1.59   0.91   0.00      
  1   2006   236   18930   10.21   29.90   1.51   0.85   0.00      
  1   2006   237   19970   13.32   31.12   2.05   0.93   0.00      
  1   2006   238   18250   14.47   29.10   1.87   0.89   21.60      
  1   2006   239   18580   13.70   28.31   1.89   0.75   0.20      
  1   2006   240   14480   12.93   27.52   1.96   1.12   0.00      
  1   2006   241   21970   14.47   29.50   1.96   0.97   0.20      
  1   2006   242   19290   12.16   29.50   1.95   0.72   10.20      
  1   2006   243   17000   12.55   27.91   2.05   0.54   4.20      
  1   2006   244   19900   11.77   28.70   1.84   0.89   0.79      
  1   2006   245   19380   15.23   28.70   1.87   1.01   0.00      
  1   2006   246   20220   13.32   27.91   1.89   1.31   0.00      
  1   2006   247   20830   10.99   28.31   1.71   1.5   0.00      
  1   2006   248   20700   9.03   28.31   1.29   1.37   0.00      
  1   2006   249   21700   8.23   29.10   1.67   0.82   0.00      
  1   2006   250   21690   10.21   29.10   1.68   0.57   0.00      
  1   2006   251   18610   11.77   27.91   1.72   1.12   0.00      
  1   2006   252   19760   10.60   28.31   1.70   1.43   0.00      
  1   2006   253   21780   11.77   28.70   1.64   0.9   0.00      
  1   2006   254   20230   11.38   29.50   1.76   0.94   0.39      
  1   2006   255   18140   13.32   29.90   1.88   0.94   8.40      
  1   2006   256   16340   14.85   29.90   1.89   0.33   0.00      
  1   2006   257   20810   12.55   31.52   1.94   0.8   0.20      
  1   2006   258   15900   12.55   29.50   2.02   0.64   2.00      
  1   2006   259   16560   16.00   29.50   2.07   0.57   11.20      
  1   2006   260   18570   12.93   27.91   1.90   0.65   0.20      
  1   2006   261   14540   13.70   27.12   2.09   0.5   10.40      
  1   2006   262   19720   12.55   27.91   2.05   0.62   1.40      
  1   2006   263   15820   13.32   28.31   2.01   0.53   0.40      
  1   2006   264   8920   16.00   22.86   2.08   0.63   1.20      
  1   2006   265   10070   14.85   22.86   2.09   0.24   18.20      
  1   2006   266   19160   13.70   26.73   2.10   1.09   0.00      
  1   2006   267   18080   13.32   27.52   1.96   0.66   0.00      
  1   2006   268   18450   12.55   27.91   1.99   0.8   0.00      
  1   2006   269   18920   17.14   29.10   1.98   0.72   2.80      
  1   2006   270   16220   13.32   27.91   2.02   0.52   14.20      
  1   2006   271   12070   12.93   23.24   1.87   0.46   0.40      
  1   2006   272   15410   12.16   25.56   1.91   0.62   0.20      
  1   2006   273   18320   12.93   26.73   1.96   0.64   0.00      
  1   2006   274   11490   12.93   25.95   2.01   0.38   4.80      
  1   2006   275   19170   14.09   26.73   2.02   0.51   3.80      
  1   2006   276   22070   11.77   29.10   2.02   0.43   0.20      
  1   2006   277   18760   13.70   28.31   2.14   0.48   6.20      
  1   2006   278   19260   13.70   29.50   2.11   0.34   0.40      
  1   2006   279   17270   14.85   28.70   2.08   0.68   1.60      
  1   2006   280   18880   13.70   28.31   2.17   0.76   0.00      
  1   2006   281   18220   14.47   28.31   2.12   0.93   0.00      
  1   2006   282   15200   14.09   27.12   2.10   0.88   0.00      
  1   2006   283   13170   12.93   25.95   1.89   0.88   0.00      
  1   2006   284   15600   12.55   28.31   1.91   0.94   0.00      
  1   2006   285   15060   15.23   28.31   2.02   1.15   1.40      
  1   2006   286   19370   14.09   28.70   1.97   1.56   0.00      
  1   2006   287   18540   10.99   29.90   1.81   1.28   0.00      
  1   2006   288   15590   14.47   27.91   1.87   0.87   0.00      
  1   2006   289   18370   12.93   29.50   1.89   0.6   10.60      
  1   2006   290   16780   12.55   27.91   2.01   0.77   0.99      
  1   2006   291   12620   16.00   27.12   2.22   0.77   0.60      
  1   2006   292   14290   13.32   27.91   2.04   0.66   0.80      
  1   2006   293   13990   15.62   26.73   2.15   0.53   7.60      
  1   2006   294   18700   14.47   27.12   2.11   0.58   1.80      
  1   2006   295   13650   13.32   26.73   1.91   0.38   0.40      
  1   2006   296   13060   14.47   23.79   1.91   0.35   6.40      
  1   2006   297   15890   16.76   27.52   2.08   0.77   1.80      
  1   2006   298   18660   13.32   27.91   2.13   0.45   14.00      
  1   2006   299   6970   13.32   24.01   2.18   0.55   19.00      
  1   2006   300   19460   10.99   27.91   1.90   0.59   0.00      
  1   2006   301   11200   13.80   25.10   2.13   1.52   20.70      
  1   2006   302   16204   13.20   26.90   1.98   1.76   30.20      
  1   2006   303   19050   12.90   27.40   2.21   1.95   10.50      
  1   2006   304   14710   13.10   26.30   1.93   0.38   0.00      
  1   2006   305   15240   15.50   25.60   1.65   0.31   20.70      
  1   2006   306   14500   13.10   27.40   1.48   0.52   16.70      
  1   2006   307   16500   12.40   28.90   1.52   0.73   30.70      
  1   2006   308   14230   12.30   26.50   1.66   0.94   5.20      
  1   2006   309   18260   11.50   27.70   1.94   1.2   0.00      
  1   2006   310   21020   11.60   28.90   2.01   1.22   0.00      
  1   2006   311   12320   10.20   27.70   1.55   1.41   42.10      
  1   2006   312   13200   11.90   26.90   1.55   1.45   0.00      
  1   2006   313   20090   10.90   27.70   1.84   1.67   0.00      
  1   2006   314   17580   9.50   28.50   1.63   1.91   0.00      
  1   2006   315   19202   12.90   27.60   1.75   0.15   0.00      
  1   2006   316   6980   13.10   25.60   1.62   0.35   0.00      
  1   2006   317   13450   14.40   26.60   1.89   0.55   0.00      
  1   2006   318   9582   12.20   25.10   1.61   0.43   3.40      
  1   2006   319   14290   12.90   26.70   1.93   0.67   0.00      
  1   2006   320   18258   11.40   27.90   1.68   0.91   0.00      
  1   2006   321   20040   12.50   28.60   1.80   1.11   0.00      
  1   2006   322   18520   11.30   27.50   1.66   1.33   0.00      
  1   2006   323   15120   12.50   26.60   1.81   0.88   0.00      
  1   2006   324   13090   13.30   25.90   2.13   1.1   0.00      
  1   2006   325   14250   14.40   26.20   2.21   1.32   0.00      
  1   2006   326   21400   12.90   27.90   2.08   1.24   0.00      
  1   2006   327   6840   13.70   26.40   1.75   1.48   40.40      
  1   2006   328   12780   13.10   27.20   1.64   1.58   6.50      
  1   2006   329   20050   14.30   26.70   2.24   1.77   10.20      
  1   2006   330   18880   12.30   27.90   1.75   1.81   20.10      
  1   2006   331   15200   13.40   26.50   1.61   0.22   0.00      
  1   2006   332   17400   13.20   26.60   1.65   0.46   1.30      
  1   2006   333   12300   14.20   25.60   1.56   0.71   10.60      
  1   2006   334   17200   13.90   26.70   1.74   0.9   0.00      
  1   2006   335   18850   12.90   27.50   2.02   0.45   0.00      
  1   2006   336   19800   11.90   26.70   2.10   0.7   0.00      
  1   2006   337   21008   12.90   27.20   2.06   0.92   0.00      
  1   2006   338   10550   13.20   26.30   1.58   0.78   24.90      
  1   2006   339   14420   12.20   26.90   1.84   1.01   0.00      
  1   2006   340   8930   11.90   27.40   1.60   1.2   21.40      
  1   2006   341   14580   12.30   26.40   1.65   1.21   10.20      
  1   2006   342   15550   13.50   25.70   1.93   1.42   5.10      
  1   2006   343   12450   13.10   26.40   2.06   1.65   0.00      
  1   2006   344   20220   12.80   27.70   1.74   1.86   0.00      
  1   2006   345   18540   12.90   27.70   1.67   1.62   2.80      
  1   2006   346   15570   11.90   26.90   2.14   1.85   0.00      
  1   2006   347   19840   10.80   27.80   1.88   0.12   0.00      
  1   2006   348   14232   11.90   26.60   1.96   0.23   0.00      
  1   2006   349   20040   10.50   28.90   1.65   0.46   0.00      
  1   2006   350   17990   11.30   28.40   1.74   0.64   6.30      
  1   2006   351   18440   12.10   27.50   1.68   0.31   8.20      
  1   2006   352   15600   13.10   26.70   2.01   0.53   4.10      
  1   2006   353   18850   12.80   27.70   1.88   0.75   1.70      
  1   2006   354   11230   12.90   25.90   1.68   0.8   6.70      
  1   2006   355   15570   11.80   26.80   1.59   0.81   0.00      
  1   2006   356   19000   12.70   27.30   1.81   1.12   0.00      
  1   2006   357   13380   12.40   26.60   1.74   1.34   0.00      
  1   2006   358   18440   13.10   27.70   1.80   1.57   0.00      
  1   2006   359   21500   12.80   28.90   2.12   1.78   0.00      
  1   2006   360   12470   9.70   26.50   1.62   1.82   0.00      
  1   2006   361   8952   11.70   26.70   1.54   0.12   10.70      
  1   2006   362   11440   12.80   25.70   1.61   0.25   5.60      
  1   2006   363   17250   11.90   27.60   2.01   0.51   0.00      
  1   2006   364   20110   10.60   28.90   2.11   0.71   0.00      
  1   2006   365   19650   10.70   28.60   1.95   0.92   0.00
