*.....................................................................*
*File name = UGA2.008
*CREATED BY: Nyombi Kenneth
*Source: Ntungamo meteorological station
* Longitude:  30 14 E, latitude: 0 54 S, altitude: 1405 m.
*
*Column:        Daily value:                 dimension:
* 1    station number
* 2    year
* 3    day
* 4    RDD    Total daily global radiation   KJ/(m**2 d)
* 5   TMMN   minimum air temperature        degree C
* 6    TMMX   maximum air temperature        degree C
* 7     VP     Vapour pressure at 9 a.m.      kPa
* 8    WN     Average wind speed             m/s
* 9    RAIN   Total daily rainfall           mm/d
*....................................................................*   
  30.14  0.54   1405  0.00   0.00
  2   2008   1   12857   13.32   28.7   1.99   0.57   0                  
  2   2008   2   15352   10.21   28.7   1.65   0.57   0                  
  2   2008   3   18178   10.21   31.52   1.84   0.7   0                  
  2   2008   4   18402   10.6   31.52   1.87   0.706   0                  
  2   2008   5   12072   11.38   29.1   2.07   0.58   0.99                  
  2   2008   6   10794   12.16   27.12   1.78   0.4   7.8                  
  2   2008   7   11864   11.77   27.52   1.65   0.43   6                  
  2   2008   8   11195   12.16   26.34   1.69   0.58   2.99                  
  2   2008   9   12810   11.77   26.73   1.65   0.7   0                  
  2   2008   10   15923   9.82   29.1   1.61   0.536   0                  
  2   2008   11   15432   12.55   29.1   1.82   0.78   0                  
  2   2008   12   14490   14.09   27.12   1.91   0.85   0.2                  
  2   2008   13   16145   12.16   28.31   1.96   0.791   3.99                  
  2   2008   14   11209   13.7   24.2   1.69   0.61   13.4                  
  2   2008   15   5466   12.55   20.19   1.91   0.41   1.79                  
  2   2008   16   15037   12.16   25.95   1.57   0.61   0.2                  
  2   2008   17   11526   14.85   25.56   2.01   0.5   1.6                  
  2   2008   18   14476   14.09   26.34   1.96   0.6   3.59                  
  2   2008   19   16673   13.32   27.52   1.96   0.67   0                  
  2   2008   20   11655   13.7   26.73   1.91   0.31   0.2                  
  2   2008   21   9681   14.09   27.52   2.10   0.3   0                  
  2   2008   22   8592   15.23   24.01   2.01   0.48   24.2                  
  2   2008   23   11337   14.09   26.73   1.96   0.69   0                  
  2   2008   24   8512   15.62   24.79   2.20   0.58   0                  
  2   2008   25   9866   13.32   26.34   1.82   0.49   0                  
  2   2008   26   8211   16.76   26.73   2.20   0.54   1.6                  
  2   2008   27   10501   15.23   25.56   2.01   0.79   0                  
  2   2008   28   14626   12.55   28.31   1.82   0.55   0                  
  2   2008   29   13233   14.47   28.7   2.01   0.62   0                  
  2   2008   30   12137   14.47   27.91   1.87   0.55   0                  
  2   2008   31   11541   14.09   28.7   1.82   0.36   0                  
  2   2008   32   10073   12.55   26.34   1.78   0.54   0                  
  2   2008   33   14991   12.16   29.1   1.73   0.76   0                  
  2   2008   34   14367   11.77   29.9   1.76   0.66   0                  
  2   2008   35   12322   12.16   28.7   1.78   0.58   0                  
  2   2008   36   10191   12.55   26.73   1.87   0.57   0.6                  
  2   2008   37   8661   13.32   22.48   1.65   0.64   0.199                  
  2   2008   38   13988   12.55   28.7   1.73   0.69   16.2                  
  2   2008   39   3418   14.09   18.66   1.73   0.5   10.99                  
  2   2008   40   16654   12.93   29.1   1.78   0.65   0.199                  
  2   2008   41   5131   15.62   21.71   2.04   0.54   8.2                  
  2   2008   42   12586   13.7   26.34   1.87   0.55   0                  
  2   2008   43   10667   16.38   26.73   2.26   0.51   0.6                  
  2   2008   44   11095   15.62   24.4   1.91   0.88   3.8                  
  2   2008   45   18900   13.32   29.1   1.78   0.58   0                  
  2   2008   46   9825   15.62   26.34   2.05   0.69   0.4                  
  2   2008   47   14555   16   28.7   2.21   0.53   0.2                  
  2   2008   48   13673   12.55   26.73   1.87   0.91   0                  
  2   2008   49   14346   12.16   28.31   1.82   0.59   0                  
  2   2008   50   11800   14.47   28.7   1.91   0.63   0                  
  2   2008   51   11036   12.93   26.73   1.99   0.55   0                  
  2   2008   52   12545   12.93   27.91   1.87   0.67   0                  
  2   2008   53   16858   12.55   28.7   1.82   0.98   0                  
  2   2008   54   17403   11.38   30.71   1.76   0.67   0                  
  2   2008   55   15975   10.6   27.91   1.77   0.81   0                  
  2   2008   56   18852   11.77   29.9   2.01   0.82   0                  
  2   2008   57   8324   13.7   25.17   1.82   0.68   0                  
  2   2008   58   14797   12.16   27.52   1.81   0.71   0                  
  2   2008   59   8638   12.16   24.79   1.69   0.4   10.4                  
  2   2008   60   13656   12.55   26.73   1.82   0.83   2.59                  
  2   2008   61   10640   12.16   26.73   1.73   0.74   0.4                  
  2   2008   62   13927   11.38   25.95   1.70   0.98   0                  
  2   2008   63   16608   10.6   28.7   1.87   0.83   0                  
  2   2008   64   16555   10.6   29.9   1.61   0.73   5.8                  
  2   2008   65   8333   12.55   24.01   1.92   0.61   0.2                  
  2   2008   66   11557   11.38   24.4   1.65   0.94   0                  
  2   2008   67   9676   12.16   24.4   1.78   0.64   0                  
  2   2008   68   13774   11.38   28.7   1.73   0.51   3.4                  
  2   2008   69   15410   13.7   27.52   1.92   0.58   0.2                  
  2   2008   70   11609   12.55   27.52   1.87   0.74   5.401                  
  2   2008   71   12138   12.16   27.91   1.78   0.76   3.001                  
  2   2008   72   14489   9.82   28.31   1.65   0.52   3.601                  
  2   2008   73   13675   10.99   28.7   1.92   0.85   1                  
  2   2008   74   11355   12.55   25.95   1.73   0.69   0                  
  2   2008   75   19184   12.55   29.1   1.92   0.96   0                  
  2   2008   76   15613   12.55   28.31   1.73   0.76   0                  
  2   2008   77   8863   14.47   26.73   2.11   0.62   16.4                  
  2   2008   78   6822   13.32   22.09   1.73   0.58   13.001                  
  2   2008   79   17604   12.16   27.91   1.82   1.17   9.001                  
  2   2008   80   17361   14.09   27.91   2.09   0.9   17.804                  
  2   2008   81   16821   13.7   28.31   2.11   0.79   20.2                  
  2   2008   82   14880   14.09   27.91   2.05   0.92   8                  
  2   2008   83   7110   15.62   20.95   1.92   1.12   1.2                  
  2   2008   84   12884   16   25.17   2.16   0.94   0                  
  2   2008   85   17628   14.85   29.5   1.95   0.7   0                  
  2   2008   86   14998   14.85   29.9   2.00   0.88   10.4                  
  2   2008   87   7323   16.76   23.24   1.95   0.61   28.203                  
  2   2008   88   13199   15.62   28.7   2.00   0.43   0                  
  2   2008   89   4468   14.85   20.57   2.00   0.46   23.6                  
  2   2008   90   17112   15.23   28.7   2.26   0.58   0.2                  
  2   2008   91   17693   16   27.91   1.92   0.68   12                  
  2   2008   92   18457   14.09   27.91   2.20   1.46   0.2                  
  2   2008   93   16818   14.47   26.34   2.24   1.75   0                  
  2   2008   94   19238   12.93   27.52   2.05   1.81   0                  
  2   2008   95   19139   11.38   28.31   1.92   1.47   0                  
  2   2008   96   18182   12.16   27.91   2.05   1.06   0                  
  2   2008   97   17350   12.16   28.7   2.04   0.92   0                  
  2   2008   98   18774   11.77   28.31   2.06   1.01   0                  
  2   2008   99   18200   10.99   29.1   2.09   0.94   0                  
  2   2008   100   15248   11.38   27.91   1.89   0.96   0                  
  2   2008   101   9018   12.16   22.48   1.82   0.73   0                  
  2   2008   102   8305   14.85   24.79   1.95   0.36   13                  
  2   2008   103   8176   14.47   23.24   2.00   0.7   0.4                  
  2   2008   104   14199   13.32   26.73   1.95   0.76   0                  
  2   2008   105   12877   15.23   25.17   2.22   0.67   0.4                  
  2   2008   106   15731   12.16   25.17   2.12   1.16   0                  
  2   2008   107   9093   12.16   24.4   1.87   0.48   13                  
  2   2008   108   8127   11.38   22.48   1.73   0.51   8.2                  
  2   2008   109   19747   10.99   27.91   1.65   0.9   0.2                  
  2   2008   110   13650   14.47   27.52   2.16   1.14   0                  
  2   2008   111   6751   13.7   22.09   1.78   0.68   0                  
  2   2008   112   13670   15.23   26.34   2.21   0.74   0                  
  2   2008   113   14653   13.32   27.12   2.00   0.88   6.4                  
  2   2008   114   15537   12.93   27.52   1.95   0.94   12.6                  
  2   2008   115   11256   13.32   24.79   2.11   1.01   13.8                  
  2   2008   116   9848   14.85   23.24   2.03   1.27   1                  
  2   2008   117   11021   13.7   25.56   2.23   1.09   1.4                  
  2   2008   118   12552   11.77   25.17   2.02   0.87   0.8                  
  2   2008   119   14617   10.6   25.56   2.05   1.4   0                  
  2   2008   120   13816   11.77   26.34   2.04   1.09   0                  
  2   2008   121   13751   12.55   27.52   1.95   0.89   0                  
  2   2008   122   15923   12.55   27.91   2.31   1.36   0                  
  2   2008   123   15785   12.93   27.12   2.20   1.34   0                  
  2   2008   124   17476   11.77   27.12   1.99   1.62   0                  
  2   2008   125   15203   10.21   26.34   1.61   0.99   0                  
  2   2008   126   11538   12.55   25.17   1.65   0.75   0                  
  2   2008   127   18706   10.99   27.91   1.97   1.11   0                  
  2   2008   128   18255   11.38   28.31   1.95   1.108   0                  
  2   2008   129   16310   10.6   29.1   2.01   1.02   0                  
  2   2008   130   17962   11.77   28.7   2.09   1.19   0                  
  2   2008   131   10638   12.16   25.17   1.92   0.77   0                  
  2   2008   132   17916   10.6   28.7   1.87   0.94   8.6                  
  2   2008   133   16802   12.16   28.31   2.14   1.12   0.4                  
  2   2008   134   16700   12.16   28.31   2.11   1.01   0.2                  
  2   2008   135   12930   15.62   27.12   2.05   1.04   0.2                  
  2   2008   136   17037   13.7   27.52   2.07   1.53   0                  
  2   2008   137   15491   12.55   26.34   1.94   1.5   0                  
  2   2008   138   14172   12.55   26.73   2.00   1.52   0                  
  2   2008   139   14725   11.77   26.73   1.97   1.44   0                  
  2   2008   140   14742   10.99   26.73   1.94   1.19   0                  
  2   2008   141   11989   10.99   27.52   1.78   1.17   0                  
  2   2008   142   8123   15.23   25.17   1.95   0.9   0.2                  
  2   2008   143   15771   12.16   27.91   2.11   1.19   0                  
  2   2008   144   5249   12.93   21.71   1.95   0.61   1.8                  
  2   2008   145   14519   14.09   28.31   2.13   0.79   2.2                  
  2   2008   146   11835   13.32   26.34   2.00   0.77   0                  
  2   2008   147   12036   14.09   26.4   2.00   1.055   0                  
  2   2008   148   12579   11.77   27.12   1.99   1   3.001                  
  2   2008   149   14524   10.99   27.12   1.73   0.86   0                  
  2   2008   150   10568   13.32   24.4   1.92   0.71   1.8                  
  2   2008   151   11598   12.16   26.34   1.92   0.91   0                  
  2   2008   152   16327   11.77   27.91   1.78   1.09   0                  
  2   2008   153   12747   12.93   27.91   2.09   0.78   1                  
  2   2008   154   6756   14.85   24   2.00   0.53   24.2                  
  2   2008   155   15722   14.09   28.31   1.82   0.79   0.6                  
  2   2008   156   9005   14.85   24.4   2.11   0.75   0                  
  2   2008   157   8147   13.32   25.17   1.87   0.76   6.8                  
  2   2008   158   11884   14.85   25.56   1.92   0.9   27.606                  
  2   2008   159   8307   15.62   24.01   2.00   0.69   11.6                  
  2   2008   160   10061   15.62   25.17   2.05   0.81   0                  
  2   2008   161   15685   12.93   27.52   1.73   1.02   0                  
  2   2008   162   7887   16.76   23.63   2.16   1.23   12.2                  
  2   2008   163   16864   15.62   25.17   1.97   1.26   0.2                  
  2   2008   164   16726   14.85   27.12   1.80   1.04   0                  
  2   2008   165   16564   11.77   27.91   1.88   0.81   0                  
  2   2008   166   12169   12.55   24.79   1.88   1.45   0                  
  2   2008   167   13949   15.62   25.17   1.78   1.84   0                  
  2   2008   168   13878   11.38   25.56   1.81   1.21   0                  
  2   2008   169   15503   10.6   25.17   1.74   1.32   0                  
  2   2008   170   17696   9.82   26.73   1.82   1.25   0                  
  2   2008   171   16991   9.42   27.91   1.82   0.85   0                  
  2   2008   172   16232   11.77   27.91   1.78   0.9   0                  
  2   2008   173   16347   9.82   27.91   1.65   0.74   0                  
  2   2008   174   14992   13.32   27.12   1.99   0.91   0                  
  2   2008   175   15427   10.21   26.73   1.73   1.16   0                  
  2   2008   176   15646   11.38   27.12   1.82   1.09   0                  
  2   2008   177   16289   10.21   27.12   1.70   1.17   0                  
  2   2008   178   14330   11.38   26.73   1.75   1.18   0                  
  2   2008   179   15738   13.32   26.73   1.54   1.49   0                  
  2   2008   180   16483   9.82   27.91   1.78   1.2   0                  
  2   2008   181   15385   9.03   29.5   1.65   0.54   0                  
  2   2008   182   15626   9.82   29.5   1.70   0.59   0                  
  2   2008   183   14839   9.03   29.5   1.61   0.67   0                  
  2   2008   184   12832   10.99   28.7   1.76   0.6   0                  
  2   2008   185   12872   13.7   28.31   1.87   0.82   0                  
  2   2008   186   12923   10.99   27.12   1.61   0.83   0                  
  2   2008   187   15528   13.7   29.5   1.87   0.59   6.201                  
  2   2008   188   10931   14.09   28.7   2.05   0.48   0                  
  2   2008   189   9261   14.09   24.01   1.87   0.87   1.8                  
  2   2008   190   16026   10.99   27.12   1.53   0.83   0.2                  
  2   2008   191   17626   6.22   28.31   1.42   0.68   0                  
  2   2008   192   14709   10.21   28.31   1.49   0.59   0                  
  2   2008   193   12173   13.7   28.31   1.87   0.864   0                  
  2   2008   194   10768   11.77   25.95   1.65   0.55   0                  
  2   2008   195   9797   12.55   25.95   1.85   0.93   0                  
  2   2008   196   13535   11.38   26.34   1.57   1.41   0                  
  2   2008   197   15803   8.23   27.12   1.53   1   0                  
  2   2008   198   16285   11.38   27.91   1.68   1.22   0                  
  2   2008   199   13785   9.03   27.52   1.61   1.02   0                  
  2   2008   200   16276   9.82   28.31   1.61   1.06   0                  
  2   2008   201   8288   10.6   26.34   1.70   0.78   0                  
  2   2008   202   7668   14.09   24.79   1.87   0.33   2.6                  
  2   2008   203   14462   11.77   28.31   1.65   1.095   0                  
  2   2008   204   15296   9.03   27.91   1.57   0.86   0                  
  2   2008   205   10283   12.55   27.52   1.73   1   18.4                  
  2   2008   206   6192   15.62   22.86   1.92   0.69   1.8                  
  2   2008   207   15348   13.7   27.12   1.95   1.23   0                  
  2   2008   208   14398   11.38   27.91   1.65   0.88   0                  
  2   2008   209   14833   10.6   28.31   1.65   0.85   0                  
  2   2008   210   12394   13.7   28.7   2.00   0.85   0                  
  2   2008   211   10694   13.32   27.91   1.78   0.64   0                  
  2   2008   212   11521   11.77   27.12   1.65   0.82   0                  
  2   2008   213   13263   14.85   27.12   1.95   1.15   0                  
  2   2008   214   10558   15.23   27.52   1.95   0.59   0                  
  2   2008   215   8245   11.77   26.34   1.73   0.57   0                  
  2   2008   216   9212   15.62   27.12   1.95   0.74   0                  
  2   2008   217   7042   17.14   25.95   2.09   0.89   1.8                  
  2   2008   218   10948   15.62   23.63   1.92   0.89   4.6                  
  2   2008   219   14952   12.93   28.7   1.82   0.84   0                  
  2   2008   220   8044   15.62   25.56   1.95   0.82   0.6                  
  2   2008   221   11549   11.38   27.52   1.65   0.79   0                  
  2   2008   222   13435   14.09   27.91   2.05   0.92   0                  
  2   2008   223   13390   11.38   28.31   1.65   0.89   0                  
  2   2008   224   13543   10.99   27.12   1.87   1.41   0                  
  2   2008   225   14965   11.77   27.91   1.77   1.47   0                  
  2   2008   226   13953   10.99   29.1   1.57   0.85   0                  
  2   2008   227   14245   14.85   29.1   2.05   1.11   0                  
  2   2008   228   15181   12.16   29.9   1.95   0.88   9.8                  
  2   2008   229   16197   12.93   28.7   1.82   0.86   0.2                  
  2   2008   230   15371   14.09   29.5   1.95   0.89   0                  
  2   2008   231   8459   16   27.52   2.00   0.64   1.6                  
  2   2008   232   6764   16.38   23.63   2.16   1   0                  
  2   2008   233   14294   12.93   28.7   2.05   1.09   0                  
  2   2008   234   6598   14.85   24.01   2.20   0.696   1.4                  
  2   2008   235   12184   14.09   29.1   2.11   0.71   1.6                  
  2   2008   236   13993   13.32   29.1   1.82   0.91   6.6                  
  2   2008   237   17748   12.93   29.5   1.92   0.86   0.2                  
  2   2008   238   15124   14.09   28.31   2.06   0.9   0                  
  2   2008   239   13429   13.32   28.7   2.11   0.8   0                  
  2   2008   240   13505   13.7   28.31   2.02   0.84   10.6                  
  2   2008   241   16586   10.99   28.7   1.70   0.79   5.6                  
  2   2008   242   14334   15.23   26.73   1.95   0.81   0.2                  
  2   2008   243   15692   14.09   29.1   2.07   0.89   0                  
  2   2008   244   13340   12.93   29.1   2.02   0.84   4.2                  
  2   2008   245   15906   12.93   29.1   1.92   0.77   2.2                  
  2   2008   246   12608   14.47   27.12   2.11   0.84   1                  
  2   2008   247   12588   10.99   25.95   1.78   1.06   0                  
  2   2008   248   17463   11.77   29.1   1.87   1.44   0                  
  2   2008   249   16968   10.99   28.7   1.80   1.27   0                  
  2   2008   250   9942   13.32   26.73   2.22   0.94   0                  
  2   2008   251   11505   10.6   27.52   1.95   0.7   0                  
  2   2008   252   12892   16.76   28.31   2.20   1.04   0                  
  2   2008   253   13070   14.47   28.7   2.24   0.73   0.4                  
  2   2008   254   8127   16   26.73   1.87   0.68   2.4                  
  2   2008   255   9696   14.47   27.91   1.87   0.61   0                  
  2   2008   256   10028   16.38   25.95   2.33   1.088   8.4                  
  2   2008   257   10636   14.47   24.4   1.87   0.97   0.2                  
  2   2008   258   14651   12.93   26.73   1.82   1.05   0                  
  2   2008   259   11252   14.09   26.73   2.12   0.96   0                  
  2   2008   260   13640   16   29.9   2.18   0.94   0                  
  2   2008   261   10044   16.76   27.91   2.19   0.67   8.001                  
  2   2008   262   15385   14.09   29.5   2.05   0.79   0.4                  
  2   2008   263   15251   13.32   29.1   2.05   0.78   0                  
  2   2008   264   9149   13.7   27.52   2.43   0.75   12.601                  
  2   2008   265   15869   12.16   27.91   1.73   0.7   2.6                  
  2   2008   266   18095   12.16   29.1   1.95   0.85   6.202                  
  2   2008   267   12777   13.7   27.52   2.16   0.72   0.2                  
  2   2008   268   9522   14.09   26.34   2.04   0.78   16.403                  
  2   2008   269   13274   12.55   27.12   1.95   0.83   21                  
  2   2008   270   12816   12.93   26.73   2.05   0.73   1                  
  2   2008   271   19910   12.16   29.5   2.04   1.17   0                  
  2   2008   272   17319   13.32   29.5   2.14   0.85   0                  
  2   2008   273   11291   16   26.73   2.20   0.73   3.6                  
  2   2008   274   12495   14.85   27.91   2.16   0.72   0.2                  
  2   2008   275   13643   13.32   27.91   2.26   0.71   0                  
  2   2008   276   12276   14.09   25.95   2.16   0.84   0                  
  2   2008   277   11446   12.55   25.95   1.82   0.66   0                  
  2   2008   278   9622   14.47   25.56   2.05   0.75   9                  
  2   2008   279   13675   15.62   25.17   2.06   1.02   6.2                  
  2   2008   280   14290   13.32   27.91   1.82   0.81   0.2                  
  2   2008   281   13262   12.93   26.34   1.92   1.11   0                  
  2   2008   282   14152   12.93   26.34   2.19   0.95   3                  
  2   2008   283   12987   15.23   26.34   2.16   0.61   5.2                  
  2   2008   284   13405   15.23   27.52   2.26   0.68   0.2                  
  2   2008   285   14695   12.55   27.12   2.00   0.92   0                  
  2   2008   286   5416   12.93   20.57   1.95   0.55   11.602                  
  2   2008   287   11934   10.99   25.56   1.78   0.62   0                  
  2   2008   288   11321   13.32   24.4   2.20   0.47   7.2                  
  2   2008   289   16335   13.32   27.52   2.11   0.9   0                  
  2   2008   290   15788   11.77   27.12   2.18   0.66   3                  
  2   2008   291   14727   13.32   27.91   2.39   0.82   0                  
  2   2008   292   16825   12.93   28.31   2.35   0.99   0                  
  2   2008   293   12613   14.85   27.91   2.35   0.64   11.4                  
  2   2008   294   16414   17.14   27.91   2.19   1.16   36.407                  
  2   2008   295   7146   16   25.95   2.00   0.49   4.4                  
  2   2008   296   8633   17.14   25.17   2.16   0.64   0.8                  
  2   2008   297   5681   15.62   25.17   1.95   0.39   0                  
  2   2008   298   13596   16.76   28.31   2.31   0.82   17.4                  
  2   2008   299   13256   16   26.34   2.40   0.67   0                  
  2   2008   300   9583   14.09   26.73   2.00   0.61   5.4                  
  2   2008   301   12391   14.85   24.79   2.05   0.76   11                  
  2   2008   302   16523   12.93   28.31   2.22   1.042   2.4                  
  2   2008   303   14865   15.23   27.12   2.25   0.75   16.6                  
  2   2008   304   10744   14.09   25.56   2.73   0.67   10.4                  
  2   2008   305   12008   13.7   26.34   2.43   0.54   2.4                  
  2   2008   306   15824   13.7   28.7   2.37   0.67   0                  
  2   2008   307   12370   14.09   27.91   2.37   0.89   0.2                  
  2   2008   308   11762   15.23   26.73   2.31   0.69   0                  
  2   2008   309   15058   14.47   28.31   2.37   0.98   0                  
  2   2008   310   13592   13.32   27.52   2.48   0.78   2                  
  2   2008   311   8118   15.62   24.01   2.26   0.61   4.4                  
  2   2008   312   14009   15.23   27.12   2.00   0.63   5.2                  
  2   2008   313   9835   16.38   23.63   2.05   0.53   13                  
  2   2008   314   14773   16.38   26.34   2.16   0.93   0                  
  2   2008   315   12521   14.47   25.56   2.05   0.9   0.2                  
  2   2008   316   7970   13.7   22.86   1.92   0.65   7.2                  
  2   2008   317   10472   14.09   25.17   2.31   0.64   7                  
  2   2008   318   10807   12.93   25.95   1.78   0.59   0                  
  2   2008   319   14174   12.93   27.52   1.92   0.66   0.2                  
  2   2008   320   11053   13.32   27.12   2.11   0.58   0.2                  
  2   2008   321   14796   12.55   27.52   1.92   0.89   20.405                  
  2   2008   322   11842   13.32   27.12   2.20   0.73   1.6                  
  2   2008   323   12403   16.76   26.73   2.67   0.74   0                  
  2   2008   324   11472   14.09   27.52   2.26   0.68   21.404                  
  2   2008   325   9853   15.62   25.17   2.16   0.52   5.4                  
  2   2008   326   15548   14.47   29.1   2.16   0.52   0.2                  
  2   2008   327   12522   13.7   28.7   2.49   0.87   11                  
  2   2008   328   15509   14.09   28.31   2.26   0.68   0                  
  2   2008   329   9237   12.93   27.91   1.87   0.46   0                  
  2   2008   330   12086   14.85   28.31   2.41   0.75   0                  
  2   2008   331   12416   14.47   29.1   2.31   0.68   0                  
  2   2008   332   9427   13.32   27.91   2.37   0.72   4.2                  
  2   2008   333   12486   14.85   27.52   2.05   0.65   0.2                  
  2   2008   334   9696   14.85   26.34   2.31   0.94   1.6                  
  2   2008   335   13214   16.76   27.91   2.11   0.82   0                  
  2   2008   336   13348   12.55   27.52   2.20   0.77   4.4                  
  2   2008   337   11963   13.7   27.12   1.95   0.76   5                  
  2   2008   338   12837   14.85   27.52   2.11   0.76   12                  
  2   2008   339   7731   14.85   23.63   2.05   0.79   2                  
  2   2008   340   15393   14.85   27.91   2.26   1   9.8                  
  2   2008   341   13303   13.32   27.12   1.82   0.97   0.2                  
  2   2008   342   14207   12.16   27.52   1.82   1.08   0                  
  2   2008   343   14797   11.77   28.7   2.00   0.73   0                  
  2   2008   344   7377   13.7   24.4   1.95   0.607   7.001                  
  2   2008   345   6433   14.85   25.17   1.95   0.62   7.801                  
  2   2008   346   12983   14.47   25.95   2.00   0.79   0                  
  2   2008   347   13109   10.6   28.31   1.92   0.58   0                  
  2   2008   348   14907   12.55   27.52   2.00   0.79   0                  
  2   2008   349   10652   12.16   27.91   2.05   0.45   0.6                  
  2   2008   350   10093   12.55   27.12   1.78   0.42   2                  
  2   2008   351   10265   14.09   25.95   2.00   17.5   0.4                  
  2   2008   352   14421   13.32   29.1   1.95   0.59   0                  
  2   2008   353   10615   12.16   27.91   2.11   0.59   0                  
  2   2008   354   6667   13.32   24.79   1.92   0.51   0                  
  2   2008   355   8206   12.16   25.56   1.61   0.33   1.2                  
  2   2008   356   15980   11.38   29.1   1.73   0.79   0                  
  2   2008   357   15764   11.38   29.5   2.16   0.73   0                  
  2   2008   358   15853   12.55   29.5   1.82   0.88   0                  
  2   2008   359   13073   10.99   28.7   1.73   0.6   0.2                  
  2   2008   360   8455   12.55   24.79   1.95   0.67   0.2                  
  2   2008   361   12117   13.7   27.91   1.92   0.61   0                  
  2   2008   362   7861   12.55   24.4   1.87   0.71   0                  
  2   2008   363   9545   13.7   25.95   1.78   0.58   0.2                  
  2   2008   364   14767   11.7   29.1   1.87   0.72   0                  
  2   2008   365   12071   12.16   29.1   1.82   0.77   0.4                  
  2   2008   366   8180   12.93   27.12   2.26   19.4   1.2
