*.....................................................................*
*File name = UGA2.007
*CREATED BY: Nyombi Kenneth
*Source: Ntungamo meteorological station
* Longitude:  30 14 E, latitude: 0 54 S, altitude: 1405 m."
*
*Column:        Daily value:                 dimension:
* 1    station number
* 2    year
* 3    day
* 4    RDD    Total daily global radiation   KJ/(m**2 d)
* 5   TMMN   minimum air temperature        degree C
* 6    TMMX   maximum air temperature        degree C
* 7     VP     Vapour pressure at 9 a.m.      kPa
* 8    WN     Average wind speed             m/s
* 9    RAIN   Total daily rainfall           mm/d
*....................................................................*
  30.14  0.54   1405  0.00   0.00
  1   2007   1   13400   13.10   26.60   1.78   1.01   0.00      
  1   2007   2   16370   12.80   27.20   1.83   0.98   0.00      
  1   2007   3   18238   10.60   27.80   1.61   0.77   0.00      
  1   2007   4   16050   9.80   28.90   1.50   0.96   0.00      
  1   2007   5   9770   14.40   25.60   1.75   0.68   0.00      
  1   2007   6   11490   13.20   26.50   1.85   0.76   0.00      
  1   2007   7   16720   11.60   27.80   1.61   0.89   8.70      
  1   2007   8   20300   12.60   29.10   2.01   1.40   0.00      
  1   2007   9   21030   10.50   30.20   1.80   1.09   0.00      
  1   2007   10   15640   12.20   28.20   1.88   1.22   0.00      
  1   2007   11   13660   11.70   27.70   1.69   0.80   0.00      
  1   2007   12   7732   13.40   25.50   2.11   0.26   0.00      
  1   2007   13   11076   14.30   26.60   1.64   0.53   10.70      
  1   2007   14   13890   12.90   26.60   1.70   0.79   6.50      
  1   2007   15   11670   12.40   25.50   1.58   0.62   1.50      
  1   2007   16   13560   11.50   26.70   1.70   0.53   0.00      
  1   2007   17   17780   12.80   27.70   2.01   0.99   0.00      
  1   2007   18   12400   10.60   27.40   1.82   1.30   0.00      
  1   2007   19   18830   11.90   28.90   2.21   0.68   0.00      
  1   2007   20   15500   12.90   27.30   1.90   0.89   0.00      
  1   2007   21   11200   12.90   26.60   2.00   1.07   0.00      
  1   2007   22   5606   13.10   25.50   2.01   1.19   0.00      
  1   2007   23   13850   12.00   27.60   1.78   0.77   0.00      
  1   2007   24   8750   13.50   26.60   1.69   0.76   0.00      
  1   2007   25   16740   14.80   27.70   2.11   1.24   0.00      
  1   2007   26   14300   13.80   26.80   1.73   0.78   0.00      
  1   2007   27   20050   12.10   29.70   1.64   0.53   11.60      
  1   2007   28   17120   11.70   27.70   1.63   0.67   0.00      
  1   2007   29   13560   12.80   26.50   1.91   0.99   0.00      
  1   2007   30   9610   12.80   25.60   1.58   0.61   9.20      
  1   2007   31   10070   13.40   26.60   1.84   0.78   1.60      
  1   2007   32   17040   12.90   27.30   1.71   1.11   0.00      
  1   2007   33   12990   16.20   26.40   2.10   0.88   0.00      
  1   2007   34   16630   13.80   26.90   1.67   0.59   1.50      
  1   2007   35   11890   12.90   27.70   1.49   0.44   19.10      
  1   2007   36   13200   15.60   26.10   2.08   1.22   0.00      
  1   2007   37   15640   15.30   26.70   1.90   1.00   24.20      
  1   2007   38   7230   14.90   25.60   1.47   1.20   5.10      
  1   2007   39   18800   12.70   27.30   1.77   1.30   0.00      
  1   2007   40   6652   13.10   25.50   1.83   1.07   0.00      
  1   2007   41   15670   14.20   26.50   1.95   0.87   0.00      
  1   2007   42   17900   12.70   27.80   1.98   0.69   0.00      
  1   2007   43   20650   11.50   28.90   2.04   1.09   0.00      
  1   2007   44   21130   12.10   30.20   2.12   1.04   0.00      
  1   2007   45   19640   11.90   28.90   1.89   0.99   0.00      
  1   2007   46   14560   12.90   27.70   1.76   0.87   0.00      
  1   2007   47   9540   13.10   26.30   1.69   0.90   0.00      
  1   2007   48   12850   14.30   25.50   1.88   0.65   5.10      
  1   2007   49   14090   16.40   26.50   1.87   0.44   16.50      
  1   2007   50   10870   12.90   26.50   1.78   0.56   10.20      
  1   2007   51   16730   11.70   27.60   1.73   0.75   0.00      
  1   2007   52   17900   12.90   28.40   1.90   1.11   0.00      
  1   2007   53   15480   12.80   27.70   1.70   0.98   0.00      
  1   2007   54   8790   10.80   26.60   1.64   0.77   0.00      
  1   2007   55   13030   12.90   27.70   1.70   0.67   0.00      
  1   2007   56   15570   13.30   26.70   2.00   1.21   0.00      
  1   2007   57   12450   14.50   26.60   1.89   1.05   8.70      
  1   2007   58   18230   12.90   27.90   1.86   0.67   5.60      
  1   2007   59   11100   15.40   25.50   1.70   0.93   0.00      
  1   2007   60   14450   12.90   26.70   1.59   0.55   10.70      
  1   2007   61   19110   12.40   27.70   1.80   0.66   0.00      
  1   2007   62   9740   13.60   25.70   2.12   1.21   0.00      
  1   2007   63   13380   13.10   26.60   1.90   0.87   0.00      
  1   2007   64   12690   12.80   26.60   1.78   1.01   0.00      
  1   2007   65   14200   11.90   26.90   1.65   0.45   20.50      
  1   2007   66   11430   10.50   28.60   1.58   0.82   0.00      
  1   2007   67   16790   11.90   27.70   1.85   1.04   0.00      
  1   2007   68   17960   12.90   28.60   2.01   1.20   0.00      
  1   2007   69   14774   12.80   27.70   1.80   0.67   0.00      
  1   2007   70   8760   14.20   26.60   2.08   0.76   0.00      
  1   2007   71   11760   15.70   25.70   2.14   0.88   0.00      
  1   2007   72   12820   13.20   26.90   1.78   1.09   0.00      
  1   2007   73   20060   12.90   27.90   1.76   0.67   0.00      
  1   2007   74   19250   11.70   28.90   1.98   1.12   0.00      
  1   2007   75   18020   12.90   27.90   1.86   0.94   0.00      
  1   2007   76   19960   10.80   28.90   1.66   0.65   0.00      
  1   2007   77   14340   11.60   26.60   1.63   0.54   0.00      
  1   2007   78   16220   13.10   26.20   1.98   0.78   0.00      
  1   2007   79   12650   13.20   26.80   1.79   1.18   0.00      
  1   2007   80   9980   11.60   27.70   1.70   1.23   0.00      
  1   2007   81   18850   12.10   28.60   2.08   1.08   0.00      
  1   2007   82   16580   13.10   27.90   1.89   0.83   0.00      
  1   2007   83   14070   12.90   26.60   1.85   0.65   0.00      
  1   2007   84   16040   11.90   27.70   1.68   1.03   0.00      
  1   2007   85   17990   11.50   28.90   1.78   0.98   0.00      
  1   2007   86   19550   10.60   29.40   2.11   1.21   0.00      
  1   2007   87   13540   14.47   25.17   2.43   1.15   11.40      
  1   2007   88   14240   11.70   26.73   1.91   0.54   19.20      
  1   2007   89   6080   12.16   20.19   1.87   0.38   0.00      
  1   2007   90   17280   10.16   27.12   1.82   0.72   0.00      
  1   2007   91   17310   12.16   27.12   2.05   0.83   0.00      
  1   2007   92   20020   12.55   27.91   2.03   1.07   0.20      
  1   2007   93   18150   12.16   28.31   1.93   1.04   0.00      
  1   2007   94   19200   9.82   28.31   1.91   1.00   0.00      
  1   2007   95   17590   12.16   27.91   1.78   0.78   0.00      
  1   2007   96   18050   12.16   28.31   2.05   1.02   0.00      
  1   2007   97   17230   11.77   29.10   1.91   0.94   0.00      
  1   2007   98   16720   12.16   28.70   1.91   0.70   3.20      
  1   2007   99   20110   14.47   30.71   1.96   0.58   0.00      
  1   2007   100   16560   14.47   29.10   2.12   0.86   22.60      
  1   2007   101   8140   13.70   25.17   1.87   0.30   1.40      
  1   2007   102   20890   14.09   28.31   1.91   0.58   1.80      
  1   2007   103   9640   16.76   25.17   2.21   0.25   19.60      
  1   2007   104   13020   15.62   26.34   2.01   0.53   6.60      
  1   2007   105   12680   16.38   24.79   2.05   0.99   0.00      
  1   2007   106   15040   13.70   26.73   2.03   0.91   0.60      
  1   2007   107   12400   14.85   25.95   2.01   0.86   0.00      
  1   2007   108   14690   16.00   25.56   2.05   1.00   7.20      
  1   2007   109   15030   14.85   27.12   2.17   0.57   5.00      
  1   2007   110   17580   16.00   27.12   2.10   0.68   1.00      
  1   2007   111   14830   16.76   25.56   2.11   0.99   0.00      
  1   2007   112   20870   14.47   27.57   2.01   1.11   2.20      
  1   2007   113   19130   12.93   28.70   2.07   1.00   0.00      
  1   2007   114   19740   14.09   28.31   2.16   1.03   1.80      
  1   2007   115   9010   14.85   23.24   2.05   0.69   1.80      
  1   2007   116   16680   14.47   27.12   2.15   0.71   2.40      
  1   2007   117   18310   15.62   27.12   2.05   0.94   3.40      
  1   2007   118   14240   14.47   26.34   1.91   0.85   0.40      
  1   2007   119   20970   11.77   28.70   1.82   0.84   0.00      
  1   2007   120   17280   12.16   27.91   1.96   0.78   0.60      
  1   2007   121   15840   13.70   26.34   2.05   0.86   0.00      
  1   2007   122   14390   12.93   25.95   2.00   0.98   0.00      
  1   2007   123   16180   11.77   27.52   1.99   1.01   0.00      
  1   2007   124   18440   13.70   28.31   2.01   1.13   0.20      
  1   2007   125   10680   15.23   25.95   2.08   1.02   0.00      
  1   2007   126   13940   14.47   26.34   2.06   1.25   0.00      
  1   2007   127   12590   13.70   24.79   2.10   1.05   0.20      
  1   2007   128   16460   11.77   26.73   2.01   1.03   0.00      
  1   2007   129   17630   11.77   27.91   1.98   1.06   0.00      
  1   2007   130   13650   14.09   26.73   2.08   1.51   0.00      
  1   2007   131   14820   12.55   27.52   1.89   1.68   0.00      
  1   2007   132   13330   14.85   26.73   1.90   1.86   0.00      
  1   2007   133   11850   12.93   26.73   1.91   1.00   0.00      
  1   2007   134   11840   16.00   25.17   2.02   1.49   0.20      
  1   2007   135   15730   15.62   27.52   2.21   0.95   0.00      
  1   2007   136   7130   16.76   23.24   2.10   0.62   0.00      
  1   2007   137   13650   16.38   26.73   2.21   1.21   0.00      
  1   2007   138   14120   14.47   26.34   2.12   1.35   0.00      
  1   2007   139   17900   12.93   29.10   2.08   0.93   0.00      
  1   2007   140   16390   12.55   29.50   2.07   0.76   0.00      
  1   2007   141   17380   12.16   30.31   1.84   0.94   1.60      
  1   2007   142   16660   10.99   31.12   1.69   0.68   0.00      
  1   2007   143   17980   13.70   28.31   2.16   1.53   0.00      
  1   2007   144   17870   14.09   27.91   2.00   1.36   5.20      
  1   2007   145   17680   11.38   28.70   1.90   1.24   2.00      
  1   2007   146   12430   16.38   26.34   2.02   0.81   0.20      
  1   2007   147   13870   13.32   26.34   2.12   1.08   0.40      
  1   2007   148   14090   15.23   26.73   2.16   1.34   0.00      
  1   2007   149   15830   13.70   26.73   2.15   1.39   0.00      
  1   2007   150   16940   11.38   27.52   1.96   1.19   4.60      
  1   2007   151   8350   15.62   24.01   2.01   0.44   0.00      
  1   2007   152   14310   16.38   25.95   2.00   1.49   0.00      
  1   2007   153   20470   12.55   27.12   2.03   1.63   0.00      
  1   2007   154   13260   13.70   27.12   2.05   1.38   0.00      
  1   2007   155   14430   10.99   25.17   1.69   0.89   0.00      
  1   2007   156   15450   13.32   28.31   1.96   0.71   0.20      
  1   2007   157   13190   14.85   27.91   2.08   0.84   0.20      
  1   2007   158   15080   14.47   27.91   2.21   0.57   0.00      
  1   2007   159   9790   13.70   25.95   1.87   0.26   0.00      
  1   2007   160   11230   14.47   26.34   2.01   0.60   30.00      
  1   2007   161   7920   14.09   24.01   1.91   0.52   0.00      
  1   2007   162   13190   13.32   25.95   1.87   0.65   0.00      
  1   2007   163   16750   12.55   27.52   1.78   0.89   0.00      
  1   2007   164   16650   15.23   26.73   2.07   0.98   0.00      
  1   2007   165   13540   13.70   26.34   2.01   0.95   0.00      
  1   2007   166   9050   14.09   26.34   1.87   0.79   0.00      
  1   2007   167   16490   14.47   27.12   1.90   0.94   0.00      
  1   2007   168   17100   11.38   25.95   1.73   1.31   0.00      
  1   2007   169   17410   10.99   27.12   1.77   1.17   0.00      
  1   2007   170   18260   10.21   28.31   1.64   0.89   0.40      
  1   2007   171   17860   11.77   27.91   1.65   0.86   0.00      
  1   2007   172   14540   12.55   27.52   1.71   0.57   0.20      
  1   2007   173   9880   16.76   24.79   2.05   0.96   0.00      
  1   2007   174   14070   15.23   26.73   2.07   1.29   0.00      
  1   2007   175   12330   10.60   25.95   1.49   0.92   0.00      
  1   2007   176   14280   11.38   26.73   1.57   0.95   0.00      
  1   2007   177   13160   12.16   26.73   1.64   0.96   0.00      
  1   2007   178   17190   12.55   28.70   1.78   0.79   0.00      
  1   2007   179   15970   11.38   29.10   1.61   0.76   0.00      
  1   2007   180   10187   14.85   26.34   2.10   1.09   0.00      
  1   2007   181   15010   12.16   28.70   1.78   0.76   0.20      
  1   2007   182   15490   12.93   29.50   1.78   0.49   6.20      
  1   2007   183   9530   17.14   27.90   2.11   0.60   33.81      
  1   2007   184   6320   15.62   23.24   1.91   1.02   0.00      
  1   2007   185   9310   16.38   24.79   1.96   0.85   0.00      
  1   2007   186   12450   14.09   25.17   2.01   1.06   0.00      
  1   2007   187   15350   14.09   26.73   1.82   1.10   0.00      
  1   2007   188   12240   12.55   25.56   1.65   1.23   0.00      
  1   2007   189   13230   13.70   26.34   1.87   1.02   0.00      
  1   2007   190   15640   11.38   27.91   1.69   1.07   0.00      
  1   2007   191   17350   11.38   26.73   1.78   1.12   0.00      
  1   2007   192   16560   12.16   27.52   1.72   0.99   0.00      
  1   2007   193   17220   11.77   27.91   1.64   1.00   0.00      
  1   2007   194   17470   9.82   28.70   1.65   1.00   0.00      
  1   2007   195   16830   10.21   27.91   1.72   1.00   0.00      
  1   2007   196   17990   10.60   27.52   1.65   1.39   0.00      
  1   2007   197   15570   9.82   27.91   1.53   1.24   0.00      
  1   2007   198   17220   11.38   27.91   1.67   1.58   0.00      
  1   2007   199   16750   12.16   27.52   1.74   1.19   0.00      
  1   2007   200   11520   12.93   25.95   1.87   1.18   0.00      
  1   2007   201   13600   14.09   26.73   1.84   1.34   0.00      
  1   2007   202   16710   10.21   28.31   1.57   1.02   0.00      
  1   2007   203   17630   9.42   27.91   1.71   1.06   0.00      
  1   2007   204   15850   12.55   28.31   1.82   0.86   0.00      
  1   2007   205   13430   14.47   28.31   1.88   0.82   0.00      
  1   2007   206   12250   16.76   27.91   2.01   0.70   24.60      
  1   2007   207   8370   16.00   26.73   2.07   0.59   0.20      
  1   2007   208   14130   14.85   25.95   1.91   0.52   0.60      
  1   2007   209   18440   13.70   29.50   2.04   0.68   0.20      
  1   2007   210   14020   15.62   26.34   2.01   0.47   0.00      
  1   2007   211   13960   12.55   27.12   1.82   0.91   0.00      
  1   2007   212   12180   14.09   25.56   1.91   0.97   0.00      
  1   2007   213   16160   14.85   26.34   1.95   1.13   0.00      
  1   2007   214   11420   13.32   24.79   1.83   0.93   0.00      
  1   2007   215   11680   16.00   26.34   1.99   0.72   16.60      
  1   2007   216   12170   16.38   27.91   2.10   0.64   0.00      
  1   2007   217   10210   16.38   26.34   2.01   0.74   0.00      
  1   2007   218   17200   12.55   27.52   1.87   0.98   0.00      
  1   2007   219   17010   10.99   28.70   1.82   0.68   0.00      
  1   2007   220   17020   13.32   27.12   2.01   1.21   0.00      
  1   2007   221   12610   13.70   26.34   1.87   0.86   0.00      
  1   2007   222   10040   14.85   26.34   1.97   0.80   0.80      
  1   2007   223   11810   16.00   26.34   2.10   0.95   0.20      
  1   2007   224   14250   16.76   28.70   2.06   0.62   0.00      
  1   2007   225   10790   13.70   27.12   1.82   0.78   0.80      
  1   2007   226   8150   14.85   25.17   2.05   0.42   0.00      
  1   2007   227   12170   13.32   26.34   1.82   0.63   0.00      
  1   2007   228   13060   14.47   28.31   1.89   0.55   4.00      
  1   2007   229   15610   14.47   28.31   2.02   0.76   4.20      
  1   2007   230   10900   13.70   24.01   1.97   0.47   0.20      
  1   2007   231   15360   13.32   25.17   2.05   1.14   0.00      
  1   2007   232   10690   13.32   25.17   2.04   1.29   2.20      
  1   2007   233   20890   13.70   27.12   1.94   1.74   0.00      
  1   2007   234   15640   12.93   25.95   1.76   1.41   0.00      
  1   2007   235   21370   10.21   28.70   1.87   1.23   0.00      
  1   2007   236   19980   10.60   29.50   1.84   0.90   0.00      
  1   2007   237   18670   10.99   29.90   1.88   1.02   0.00      
  1   2007   238   15460   11.38   29.10   1.76   0.98   0.00      
  1   2007   239   19270   10.60   29.50   1.70   1.25   0.00      
  1   2007   240   18360   12.55   29.90   2.09   0.88   0.00      
  1   2007   241   13600   14.85   28.70   2.11   0.73   0.20      
  1   2007   242   17110   10.60   28.70   1.73   0.96   0.00      
  1   2007   243   16030   12.16   29.50   1.85   1.03   0.80      
  1   2007   244   7390   13.70   27.12   1.87   0.57   0.80      
  1   2007   245   12570   11.38   25.56   1.78   0.75   0.40      
  1   2007   246   11750   14.09   26.34   2.04   0.63   24.80      
  1   2007   247   9000   16.38   25.95   1.99   0.54   2.20      
  1   2007   248   9180   16.00   25.17   1.96   0.40   0.20      
  1   2007   249   13130   15.62   26.34   2.05   0.33   0.00      
  1   2007   250   11000   12.55   24.01   2.01   0.41   10.60      
  1   2007   251   17290   11.77   28.31   2.01   0.69   3.40      
  1   2007   252   14150   13.32   27.52   2.04   0.42   0.00      
  1   2007   253   9590   16.00   26.73   1.97   0.46   0.00      
  1   2007   254   11710   15.23   25.56   2.13   0.51   12.60      
  1   2007   255   15170   14.09   27.52   2.01   0.62   0.20      
  1   2007   256   17460   14.09   27.91   2.23   0.86   1.20      
  1   2007   257   16160   16.76   28.31   1.96   0.74   1.80      
  1   2007   258   10560   16.00   26.34   2.03   0.81   0.20      
  1   2007   259   11910   16.76   26.73   1.99   0.65   0.20      
  1   2007   260   13260   16.76   27.12   2.12   0.86   0.20      
  1   2007   261   9920   16.76   24.01   2.08   1.17   0.00      
  1   2007   262   20640   13.70   27.91   2.20   1.59   0.00      
  1   2007   263   17530   11.77   27.52   1.84   1.44   0.00      
  1   2007   264   17080   12.93   27.91   1.90   0.79   3.40      
  1   2007   265   18780   11.38   29.50   1.96   0.60   0.20      
  1   2007   266   19950   13.32   28.70   2.23   0.50   1.00      
  1   2007   267   17390   12.55   29.50   2.19   0.62   0.00      
  1   2007   268   20370   12.16   30.71   2.14   0.73   0.80      
  1   2007   269   15090   12.93   28.70   2.18   0.73   0.00      
  1   2007   270   14750   12.16   27.12   1.96   0.66   0.00      
  1   2007   271   18370   12.16   29.10   2.07   0.71   0.00      
  1   2007   272   15900   12.93   29.10   2.08   0.77   13.80      
  1   2007   273   16890   12.55   29.90   2.04   0.86   11.80      
  1   2007   274   10400   15.23   25.17   2.15   0.57   3.40      
  1   2007   275   15120   14.47   27.52   1.94   0.61   0.00      
  1   2007   276   17930   12.93   28.70   2.15   0.82   0.00      
  1   2007   277   17610   13.32   27.91   2.05   1.04   0.00      
  1   2007   278   18170   12.93   28.70   2.02   0.69   0.80      
  1   2007   279   15410   14.09   28.70   2.26   0.81   5.80      
  1   2007   280   5810   14.09   21.33   1.82   0.36   17.00      
  1   2007   281   15990   14.09   26.73   2.06   0.64   7.00      
  1   2007   282   9830   14.09   24.79   2.05   0.53   16.20      
  1   2007   283   13700   13.32   25.56   2.15   0.53   0.20      
  1   2007   284   15610   16.00   27.12   2.14   0.95   2.40      
  1   2007   285   12420   12.93   26.34   1.92   0.82   0.00      
  1   2007   286   16490   14.09   26.73   2.17   0.92   0.00      
  1   2007   287   14260   12.55   26.73   2.03   0.73   3.60      
  1   2007   288   11600   15.23   26.73   2.12   0.61   0.00      
  1   2007   289   16370   12.16   26.34   1.78   0.65   0.00      
  1   2007   290   19170   10.99   28.31   2.01   1.01   0.00      
  1   2007   291   17090   11.77   29.10   1.95   0.27   10.60      
  1   2007   292   10310   11.77   27.52   2.07   0.47   11.40      
  1   2007   293   12040   11.77   25.56   1.87   0.66   0.20      
  1   2007   294   14850   12.16   26.34   1.96   0.68   0.00      
  1   2007   295   12620   14.47   24.40   2.10   0.76   0.80      
  1   2007   296   8220   14.09   24.40   1.96   0.33   17.20      
  1   2007   297   10440   12.55   25.95   2.16   0.50   9.80      
  1   2007   298   12290   12.16   25.95   1.91   0.53   4.80      
  1   2007   299   11640   11.77   25.56   1.91   0.49   7.00      
  1   2007   300   16040   13.70   24.79   2.19   0.98   2.40      
  1   2007   301   14040   14.09   24.01   2.05   0.60   0.00      
  1   2007   302   18860   11.38   27.52   2.04   0.92   0.00      
  1   2007   303   19950   10.60   28.70   1.92   0.87   0.00      
  1   2007   304   18480   11.38   27.91   1.95   0.94   0.00      
  1   2007   305   14950   12.16   27.12   1.98   0.93   3.40      
  1   2007   306   12930   12.55   27.91   1.87   0.61   12.20      
  1   2007   307   14960   16.38   27.91   2.07   0.73   13.80      
  1   2007   308   6040   15.62   21.71   1.98   0.52   7.80      
  1   2007   309   13250   14.85   25.56   1.91   0.63   3.40      
  1   2007   310   11860   14.09   25.95   2.05   0.51   8.02      
  1   2007   311   10170   12.16   24.01   2.05   0.58   1.20      
  1   2007   312   15510   10.60   25.17   2.01   0.74   2.60      
  1   2007   313   17420   11.38   27.12   2.02   0.68   6.20      
  1   2007   314   9950   11.77   24.79   1.73   0.48   4.60      
  1   2007   315   12890   12.55   26.34   2.04   0.61   0.60      
  1   2007   316   15490   13.32   25.56   1.98   0.53   14.60      
  1   2007   317   15100   12.93   26.34   1.87   0.62   0.40      
  1   2007   318   15040   13.70   26.34   2.05   0.58   0.00      
  1   2007   319   16520   15.23   26.73   2.16   0.65   4.20      
  1   2007   320   9710   14.09   24.79   2.16   0.44   0.20      
  1   2007   321   13320   14.47   25.17   2.04   0.47   14.80      
  1   2007   322   12350   14.47   25.17   1.96   0.63   3.20      
  1   2007   323   15030   14.09   27.12   1.87   0.45   3.20      
  1   2007   324   10670   12.93   25.17   2.16   0.42   0.00      
  1   2007   325   17570   13.32   27.52   1.91   0.58   1.00      
  1   2007   326   8690   14.85   25.56   2.21   0.47   7.20      
  1   2007   327   11670   14.09   25.56   2.10   0.53   8.00      
  1   2007   328   9960   13.32   23.63   1.96   0.41   0.40      
  1   2007   329   13690   12.93   26.34   1.69   0.50   6.80      
  1   2007   330   11520   12.93   27.91   2.05   0.47   0.00      
  1   2007   331   14830   13.70   28.70   2.16   0.72   12.00      
  1   2007   332   13640   12.55   27.12   2.07   0.49   0.20      
  1   2007   333   13640   12.55   26.34   1.87   0.68   1.00      
  1   2007   334   8880   13.70   25.56   2.05   0.62   4.00      
  1   2007   335   11200   14.47   26.73   2.11   0.84   2.00      
  1   2007   336   10680   14.09   26.73   1.91   0.44   0.00      
  1   2007   337   14940   14.47   27.12   2.17   0.62   2.00      
  1   2007   338   9950   14.47   24.01   2.05   0.46   0.00      
  1   2007   339   13270   12.16   27.12   1.96   0.54   0.00      
  1   2007   340   15290   13.32   28.70   2.12   0.76   0.00      
  1   2007   341   14570   12.16   25.17   1.96   0.74   11.60      
  1   2007   342   4810   16.00   19.42   1.82   0.32   0.00      
  1   2007   343   13420   13.32   24.40   1.78   0.44   0.20      
  1   2007   344   14050   12.55   25.56   2.01   0.58   3.40      
  1   2007   345   13143   12.16   25.95   2.06   0.71   0.00      
  1   2007   346   5740   13.32   21.33   1.96   0.62   0.00      
  1   2007   347   16980   13.70   26.34   1.91   0.56   11.40      
  1   2007   348   12040   12.55   25.56   1.91   0.51   0.00      
  1   2007   349   16990   11.77   25.56   1.82   0.87   0.00      
  1   2007   350   17510   10.99   28.31   1.96   0.71   0.00      
  1   2007   351   20340   10.60   29.50   1.96   0.74   0.00      
  1   2007   352   19440   9.82   29.90   1.79   0.67   0.00      
  1   2007   353   14940   14.09   27.91   1.98   0.87   0.00      
  1   2007   354   16240   14.09   27.91   2.13   0.83   0.00      
  1   2007   355   15160   11.38   26.73   1.82   0.71   0.00      
  1   2007   356   13710   11.77   28.31   1.73   0.59   0.00      
  1   2007   357   11400   12.93   26.73   1.78   0.53   0.00      
  1   2007   358   11010   14.09   27.52   2.10   0.58   0.00      
  1   2007   359   10920   13.70   26.34   2.05   0.54   0.00      
  1   2007   360   14840   14.85   28.70   2.01   0.74   0.00      
  1   2007   361   15150   14.09   27.91   2.10   0.79   0.00      
  1   2007   362   7710   12.93   24.01   1.81   0.46   0.00      
  1   2007   363   16500   12.55   27.91   1.78   0.90   0.00      
  1   2007   364   17220   10.21   30.31   1.87   0.57   0.00      
  1   2007   365   11360   10.99   27.52   1.73   0.27   0.00
